1.150485590914230860e+00 8.000000000000000000e+00 4.800000000000000000e+01 1.200000000000000000e+01 1.000000000000000000e+00 0.000000000000000000e+00 1.000000000000000000e+00 3.782796859741210938e+00 1.150485590914230860e+00 8.000000000000000000e+00
1.493074633542024188e+00 0.000000000000000000e+00 4.800000000000000000e+01 1.200000000000000000e+01 1.000000000000000000e+00 5.626916885375976562e-01 1.000000000000000000e+00 5.826950073242187500e-01 1.493074633542024188e+00 0.000000000000000000e+00
-1.022653858590427539e-01 -4.000000000000000000e+00 4.800000000000000000e+01 1.200000000000000000e+01 1.000000000000000000e+00 4.261016845703125000e-01 1.000000000000000000e+00 4.358053207397460938e-01 -1.022653858590427539e-01 -4.000000000000000000e+00
-1.002200781418618902e+00 -1.000000000000000000e+00 4.900000000000000000e+01 1.200000000000000000e+01 0.000000000000000000e+00 4.602885246276855469e+00 0.000000000000000000e+00 0.000000000000000000e+00 -1.002200781418618902e+00 -1.000000000000000000e+00
-1.503301172127928353e+00 2.000000000000000000e+00 4.900000000000000000e+01 1.200000000000000000e+01 1.000000000000000000e+00 1.714396476745605469e+00 1.000000000000000000e+00 1.732611656188964844e+00 -1.503301172127928353e+00 2.000000000000000000e+00
-6.851780852555864332e-01 7.000000000000000000e+00 4.900000000000000000e+01 1.200000000000000000e+01 1.000000000000000000e+00 1.656603813171386719e+00 1.000000000000000000e+00 1.699805259704589844e+00 -6.851780852555864332e-01 7.000000000000000000e+00
1.943042331321812310e-01 1.100000000000000000e+01 4.900000000000000000e+01 1.200000000000000000e+01 1.000000000000000000e+00 8.819103240966796875e-01 1.000000000000000000e+00 8.918046951293945312e-01 1.943042331321812310e-01 1.100000000000000000e+01
1.293657131116890735e+00 8.000000000000000000e+00 4.900000000000000000e+01 1.200000000000000000e+01 1.000000000000000000e+00 0.000000000000000000e+00 1.000000000000000000e+00 4.489111900329589844e+00 1.293657131116890735e+00 8.000000000000000000e+00
1.493074633542024188e+00 0.000000000000000000e+00 4.900000000000000000e+01 1.200000000000000000e+01 1.000000000000000000e+00 1.622295379638671875e+00 1.000000000000000000e+00 1.662802696228027344e+00 1.493074633542024188e+00 0.000000000000000000e+00
7.363107781851078171e-01 -5.000000000000000000e+00 4.900000000000000000e+01 1.200000000000000000e+01 1.000000000000000000e+00 1.064515113830566406e+00 1.000000000000000000e+00 1.082801818847656250e+00 7.363107781851078171e-01 -5.000000000000000000e+00
-1.533980787885641170e-02 -4.000000000000000000e+00 4.900000000000000000e+01 1.200000000000000000e+01 1.000000000000000000e+00 1.110386848449707031e+00 1.000000000000000000e+00 1.138997077941894531e+00 -1.533980787885641170e-02 -4.000000000000000000e+00
-7.976700097005334777e-01 -1.000000000000000000e+00 4.900000000000000000e+01 1.200000000000000000e+01 0.000000000000000000e+00 4.938507080078125000e+00 0.000000000000000000e+00 0.000000000000000000e+00 -7.976700097005334777e-01 -1.000000000000000000e+00
-1.503301172127928353e+00 -5.000000000000000000e+00 4.900000000000000000e+01 1.200000000000000000e+01 1.000000000000000000e+00 1.233482360839843750e+00 1.000000000000000000e+00 1.243185997009277344e+00 -1.503301172127928353e+00 -5.000000000000000000e+00
-5.624596222247351118e-01 8.000000000000000000e+00 4.900000000000000000e+01 1.200000000000000000e+01 1.000000000000000000e+00 1.816987991333007812e+00 1.000000000000000000e+00 1.835584640502929688e+00 -5.624596222247351118e-01 8.000000000000000000e+00
3.016828882841761095e-01 1.100000000000000000e+01 5.000000000000000000e+01 1.200000000000000000e+01 1.000000000000000000e+00 2.628087997436523438e-01 1.000000000000000000e+00 2.737045288085937500e-01 3.016828882841761095e-01 1.100000000000000000e+01
1.048220205055188092e+00 8.000000000000000000e+00 5.000000000000000000e+01 1.200000000000000000e+01 1.000000000000000000e+00 0.000000000000000000e+00 1.000000000000000000e+00 3.966617584228515625e+00 1.048220205055188092e+00 8.000000000000000000e+00
1.493074633542024188e+00 0.000000000000000000e+00 5.000000000000000000e+01 1.200000000000000000e+01 1.000000000000000000e+00 1.278805732727050781e+00 1.000000000000000000e+00 1.298213005065917969e+00 1.493074633542024188e+00 0.000000000000000000e+00
6.544984694978736028e-01 -1.000000000000000000e+00 5.000000000000000000e+01 1.200000000000000000e+01 1.000000000000000000e+00 5.559921264648437500e-01 1.000000000000000000e+00 5.671024322509765625e-01 6.544984694978736028e-01 -1.000000000000000000e+00
-1.022653858590427539e-01 -5.000000000000000000e+00 5.000000000000000000e+01 1.200000000000000000e+01 1.000000000000000000e+00 2.567052841186523438e-01 1.000000000000000000e+00 2.670049667358398438e-01 -1.022653858590427539e-01 -5.000000000000000000e+00
-8.385761640441505849e-01 -4.000000000000000000e+00 5.000000000000000000e+01 1.200000000000000000e+01 0.000000000000000000e+00 4.134392738342285156e+00 0.000000000000000000e+00 0.000000000000000000e+00 -8.385761640441505849e-01 -4.000000000000000000e+00
-1.503301172127928353e+00 2.400000000000000000e+01 5.100000000000000000e+01 1.200000000000000000e+01 1.000000000000000000e+00 1.206803321838378906e+00 1.000000000000000000e+00 1.225495338439941406e+00 -1.503301172127928353e+00 2.400000000000000000e+01
-6.493852002049215200e-01 -2.000000000000000000e+00 5.100000000000000000e+01 1.200000000000000000e+01 1.000000000000000000e+00 4.429817199707031250e-01 1.000000000000000000e+00 4.642963409423828125e-01 -6.493852002049215200e-01 -2.000000000000000000e+00
1.687378866674205391e-01 0.000000000000000000e+00 5.100000000000000000e+01 1.200000000000000000e+01 1.000000000000000000e+00 7.263898849487304688e-01 1.000000000000000000e+00 7.377862930297851562e-01 1.687378866674205391e-01 0.000000000000000000e+00
8.845955876807197749e-01 0.000000000000000000e+00 5.100000000000000000e+01 1.200000000000000000e+01 1.000000000000000000e+00 0.000000000000000000e+00 1.000000000000000000e+00 3.732085227966308594e+00 8.845955876807197749e-01 0.000000000000000000e+00
1.508414441420880658e+00 2.800000000000000000e+01 5.100000000000000000e+01 1.200000000000000000e+01 1.000000000000000000e+00 4.933118820190429688e-01 1.000000000000000000e+00 5.043029785156250000e-01 1.508414441420880658e+00 2.800000000000000000e+01
7.976700097005334777e-01 -4.000000000000000000e+00 5.100000000000000000e+01 1.200000000000000000e+01 1.000000000000000000e+00 1.150989532470703125e+00 1.000000000000000000e+00 1.169300079345703125e+00 7.976700097005334777e-01 -4.000000000000000000e+00
1.124919244449470307e-01 -4.000000000000000000e+00 5.100000000000000000e+01 1.200000000000000000e+01 1.000000000000000000e+00 1.582312583923339844e+00 1.000000000000000000e+00 1.600694656372070312e+00 1.124919244449470307e-01 -4.000000000000000000e+00
-6.238188537401607725e-01 -8.000000000000000000e+00 5.100000000000000000e+01 1.200000000000000000e+01 1.000000000000000000e+00 9.850978851318359375e-01 1.000000000000000000e+00 1.005387306213378906e+00 -6.238188537401607725e-01 -8.000000000000000000e+00
-1.482848094956119800e+00 -4.000000000000000000e+00 5.100000000000000000e+01 1.200000000000000000e+01 0.000000000000000000e+00 4.855108261108398438e+00 0.000000000000000000e+00 0.000000000000000000e+00 -1.482848094956119800e+00 -4.000000000000000000e+00
-1.503301172127928353e+00 0.000000000000000000e+00 5.100000000000000000e+01 1.200000000000000000e+01 1.000000000000000000e+00 7.238864898681640625e-01 1.000000000000000000e+00 7.380962371826171875e-01 -1.503301172127928353e+00 0.000000000000000000e+00
-6.749515466696821564e-01 2.000000000000000000e+00 5.100000000000000000e+01 1.200000000000000000e+01 1.000000000000000000e+00 8.662939071655273438e-01 1.000000000000000000e+00 8.775949478149414062e-01 -6.749515466696821564e-01 2.000000000000000000e+00
2.096440410110376462e-01 4.000000000000000000e+00 5.100000000000000000e+01 1.200000000000000000e+01 1.000000000000000000e+00 1.025509834289550781e+00 1.000000000000000000e+00 1.044011116027832031e+00 2.096440410110376462e-01 4.000000000000000000e+00
1.012427320004523290e+00 4.000000000000000000e+00 5.100000000000000000e+01 1.200000000000000000e+01 1.000000000000000000e+00 0.000000000000000000e+00 1.000000000000000000e+00 4.624080657958984375e+00 1.012427320004523290e+00 4.000000000000000000e+00
1.493074633542024188e+00 -3.000000000000000000e+00 5.100000000000000000e+01 1.200000000000000000e+01 1.000000000000000000e+00 3.090858459472656250e-01 1.000000000000000000e+00 3.274917602539062500e-01 1.493074633542024188e+00 -3.000000000000000000e+00
6.596117387908256857e-01 -2.000000000000000000e+00 5.100000000000000000e+01 1.200000000000000000e+01 1.000000000000000000e+00 1.350402832031250000e+00 1.000000000000000000e+00 1.361584663391113281e+00 6.596117387908256857e-01 -2.000000000000000000e+00
-2.454369260617025872e-01 -1.000000000000000000e+00 5.100000000000000000e+01 1.200000000000000000e+01 1.000000000000000000e+00 6.838083267211914062e-01 1.000000000000000000e+00 6.953001022338867188e-01 -2.454369260617025872e-01 -1.000000000000000000e+00
-1.089126359398805199e+00 2.000000000000000000e+00 5.100000000000000000e+01 1.200000000000000000e+01 0.000000000000000000e+00 4.072284698486328125e+00 0.000000000000000000e+00 0.000000000000000000e+00 -1.089126359398805199e+00 2.000000000000000000e+00
-1.503301172127928353e+00 2.000000000000000000e+00 5.100000000000000000e+01 1.200000000000000000e+01 1.000000000000000000e+00 1.745295524597167969e+00 1.000000000000000000e+00 1.763796806335449219e+00 -1.503301172127928353e+00 2.000000000000000000e+00
-6.851780852555864332e-01 8.000000000000000000e+00 5.200000000000000000e+01 1.200000000000000000e+01 1.000000000000000000e+00 6.251096725463867188e-01 1.000000000000000000e+00 6.433963775634765625e-01 -6.851780852555864332e-01 8.000000000000000000e+00
1.068673282226996646e+00 8.000000000000000000e+00 5.200000000000000000e+01 1.200000000000000000e+01 1.000000000000000000e+00 0.000000000000000000e+00 1.000000000000000000e+00 3.490114212036132812e+00 1.068673282226996646e+00 8.000000000000000000e+00
1.493074633542024188e+00 -2.000000000000000000e+00 5.200000000000000000e+01 1.200000000000000000e+01 1.000000000000000000e+00 8.837938308715820312e-01 1.000000000000000000e+00 9.534835815429687500e-01 1.493074633542024188e+00 -2.000000000000000000e+00
6.749515466696821564e-01 -2.000000000000000000e+00 5.200000000000000000e+01 1.200000000000000000e+01 1.000000000000000000e+00 1.454496383666992188e+00 1.000000000000000000e+00 1.467394828796386719e+00 6.749515466696821564e-01 -2.000000000000000000e+00
-8.181230868723420036e-02 -5.000000000000000000e+00 5.200000000000000000e+01 1.200000000000000000e+01 1.000000000000000000e+00 1.315689086914062500e+00 1.000000000000000000e+00 1.344203948974609375e+00 -8.181230868723420036e-02 -5.000000000000000000e+00
-8.539159719230069445e-01 -1.000000000000000000e+00 5.200000000000000000e+01 1.200000000000000000e+01 0.000000000000000000e+00 1.777601242065429688e+00 1.000000000000000000e+00 1.788592338562011719e+00 -8.539159719230069445e-01 -1.000000000000000000e+00
-1.518640980006784824e+00 1.600000000000000000e+01 5.200000000000000000e+01 1.200000000000000000e+01 0.000000000000000000e+00 3.880596160888671875e+00 0.000000000000000000e+00 0.000000000000000000e+00 -1.518640980006784824e+00 1.600000000000000000e+01
-1.503301172127928353e+00 0.000000000000000000e+00 5.200000000000000000e+01 1.200000000000000000e+01 1.000000000000000000e+00 1.768302917480468750e+00 1.000000000000000000e+00 1.787900924682617188e+00 -1.503301172127928353e+00 0.000000000000000000e+00
-1.073786551519948923e-01 1.000000000000000000e+00 5.200000000000000000e+01 1.200000000000000000e+01 1.000000000000000000e+00 5.238056182861328125e-01 1.000000000000000000e+00 5.348205566406250000e-01 -1.073786551519948923e-01 1.000000000000000000e+00
6.238188537401607725e-01 1.000000000000000000e+00 5.200000000000000000e+01 1.200000000000000000e+01 1.000000000000000000e+00 0.000000000000000000e+00 1.000000000000000000e+00 4.346799850463867188e+00 6.238188537401607725e-01 1.000000000000000000e+00
1.493074633542024188e+00 0.000000000000000000e+00 5.200000000000000000e+01 1.200000000000000000e+01 1.000000000000000000e+00 1.196289062500000000e+00 1.000000000000000000e+00 1.214790344238281250e+00 1.493074633542024188e+00 0.000000000000000000e+00
6.544984694978736028e-01 -8.000000000000000000e+00 5.200000000000000000e+01 1.200000000000000000e+01 1.000000000000000000e+00 1.757621765136718750e+00 1.000000000000000000e+00 1.776003837585449219e+00 6.544984694978736028e-01 -8.000000000000000000e+00
-5.624596222247351535e-02 -4.000000000000000000e+00 5.200000000000000000e+01 1.200000000000000000e+01 0.000000000000000000e+00 4.728603363037109375e+00 0.000000000000000000e+00 0.000000000000000000e+00 -5.624596222247351535e-02 -4.000000000000000000e+00
-1.503301172127928353e+00 -1.600000000000000000e+01 5.200000000000000000e+01 1.200000000000000000e+01 1.000000000000000000e+00 5.866050720214843750e-01 1.000000000000000000e+00 5.970954895019531250e-01 -1.503301172127928353e+00 -1.600000000000000000e+01
-7.772169325287249242e-01 0.000000000000000000e+00 5.200000000000000000e+01 1.200000000000000000e+01 1.000000000000000000e+00 0.000000000000000000e+00 1.000000000000000000e+00 3.853797912597656250e+00 -7.772169325287249242e-01 0.000000000000000000e+00
1.493074633542024188e+00 2.800000000000000000e+01 5.200000000000000000e+01 1.200000000000000000e+01 1.000000000000000000e+00 4.652976989746093750e-01 1.000000000000000000e+00 4.836082458496093750e-01 1.493074633542024188e+00 2.800000000000000000e+01
7.772169325287249242e-01 -8.000000000000000000e+00 5.200000000000000000e+01 1.200000000000000000e+01 0.000000000000000000e+00 4.767298698425292969e+00 0.000000000000000000e+00 0.000000000000000000e+00 7.772169325287249242e-01 -8.000000000000000000e+00
-1.503301172127928353e+00 0.000000000000000000e+00 5.200000000000000000e+01 1.200000000000000000e+01 1.000000000000000000e+00 7.087945938110351562e-01 1.000000000000000000e+00 7.271051406860351562e-01 -1.503301172127928353e+00 0.000000000000000000e+00
-6.442719309119693261e-01 4.000000000000000000e+00 5.200000000000000000e+01 1.200000000000000000e+01 1.000000000000000000e+00 1.764583587646484375e+00 1.000000000000000000e+00 1.782894134521484375e+00 -6.442719309119693261e-01 4.000000000000000000e+00
4.755340442445488147e-01 7.000000000000000000e+00 5.200000000000000000e+01 1.200000000000000000e+01 1.000000000000000000e+00 0.000000000000000000e+00 1.000000000000000000e+00 3.449487686157226562e+00 4.755340442445488147e-01 7.000000000000000000e+00
1.493074633542024188e+00 0.000000000000000000e+00 5.200000000000000000e+01 1.200000000000000000e+01 1.000000000000000000e+00 1.595187187194824219e+00 1.000000000000000000e+00 1.606297492980957031e+00 1.493074633542024188e+00 0.000000000000000000e+00
6.596117387908256857e-01 -2.000000000000000000e+00 5.200000000000000000e+01 1.200000000000000000e+01 1.000000000000000000e+00 7.874011993408203125e-01 1.000000000000000000e+00 7.973194122314453125e-01 6.596117387908256857e-01 -2.000000000000000000e+00
-3.272492347489368014e-01 -8.000000000000000000e+00 5.200000000000000000e+01 1.200000000000000000e+01 1.000000000000000000e+00 8.600950241088867188e-01 1.000000000000000000e+00 8.713960647583007812e-01 -3.272492347489368014e-01 -8.000000000000000000e+00
-1.262977515359178016e+00 -5.000000000000000000e+00 5.200000000000000000e+01 1.200000000000000000e+01 0.000000000000000000e+00 4.899597167968750000e+00 0.000000000000000000e+00 0.000000000000000000e+00 -1.262977515359178016e+00 -5.000000000000000000e+00
-1.503301172127928353e+00 0.000000000000000000e+00 5.200000000000000000e+01 1.200000000000000000e+01 1.000000000000000000e+00 9.355068206787109375e-01 1.000000000000000000e+00 9.466171264648437500e-01 -1.503301172127928353e+00 0.000000000000000000e+00
-3.783819276784581853e-01 8.000000000000000000e+00 5.200000000000000000e+01 1.200000000000000000e+01 1.000000000000000000e+00 1.381802558898925781e+00 1.000000000000000000e+00 1.392889022827148438e+00 -3.783819276784581853e-01 8.000000000000000000e+00
6.084790458613044128e-01 4.000000000000000000e+00 5.200000000000000000e+01 1.200000000000000000e+01 1.000000000000000000e+00 0.000000000000000000e+00 1.000000000000000000e+00 1.152610778808593750e+00 6.084790458613044128e-01 4.000000000000000000e+00
1.395922516975933503e+00 4.000000000000000000e+00 5.200000000000000000e+01 1.200000000000000000e+01 1.000000000000000000e+00 0.000000000000000000e+00 1.000000000000000000e+00 3.563880920410156250e+00 1.395922516975933503e+00 4.000000000000000000e+00
1.493074633542024188e+00 0.000000000000000000e+00 5.200000000000000000e+01 1.200000000000000000e+01 1.000000000000000000e+00 1.484584808349609375e+00 1.000000000000000000e+00 1.508188247680664062e+00 1.493074633542024188e+00 0.000000000000000000e+00
7.618771246498684535e-01 -5.000000000000000000e+00 5.200000000000000000e+01 1.200000000000000000e+01 1.000000000000000000e+00 1.392292976379394531e+00 1.000000000000000000e+00 1.403498649597167969e+00 7.618771246498684535e-01 -5.000000000000000000e+00
-4.090615434361710018e-02 0.000000000000000000e+00 5.200000000000000000e+01 1.200000000000000000e+01 1.000000000000000000e+00 1.520800590515136719e+00 1.000000000000000000e+00 1.531910896301269531e+00 -4.090615434361710018e-02 0.000000000000000000e+00
-8.999353955595762455e-01 -1.000000000000000000e+00 5.200000000000000000e+01 1.200000000000000000e+01 0.000000000000000000e+00 3.651618957519531250e+00 0.000000000000000000e+00 0.000000000000000000e+00 -8.999353955595762455e-01 -1.000000000000000000e+00
-1.503301172127928353e+00 2.500000000000000000e+01 5.200000000000000000e+01 1.200000000000000000e+01 1.000000000000000000e+00 7.935047149658203125e-01 1.000000000000000000e+00 8.119106292724609375e-01 -1.503301172127928353e+00 2.500000000000000000e+01
-7.516505860639641767e-01 8.000000000000000000e+00 5.200000000000000000e+01 1.200000000000000000e+01 1.000000000000000000e+00 1.246094703674316406e+00 1.000000000000000000e+00 1.264595985412597656e+00 -7.516505860639641767e-01 8.000000000000000000e+00
5.113269292952137522e-03 7.000000000000000000e+00 5.200000000000000000e+01 1.200000000000000000e+01 1.000000000000000000e+00 1.103401184082031250e+00 1.000000000000000000e+00 1.121902465820312500e+00 5.113269292952137522e-03 7.000000000000000000e+00
7.925567404075812838e-01 8.000000000000000000e+00 5.200000000000000000e+01 1.200000000000000000e+01 1.000000000000000000e+00 0.000000000000000000e+00 1.000000000000000000e+00 4.251718521118164062e+00 7.925567404075812838e-01 8.000000000000000000e+00
1.493074633542024188e+00 4.000000000000000000e+00 5.300000000000000000e+01 1.200000000000000000e+01 1.000000000000000000e+00 7.777929306030273438e-01 1.000000000000000000e+00 7.961988449096679688e-01 1.493074633542024188e+00 4.000000000000000000e+00
7.465373167710120939e-01 -5.000000000000000000e+00 5.300000000000000000e+01 1.200000000000000000e+01 1.000000000000000000e+00 9.156942367553710938e-01 1.000000000000000000e+00 9.341955184936523438e-01 7.465373167710120939e-01 -5.000000000000000000e+00
-2.045307717180855009e-02 -8.000000000000000000e+00 5.300000000000000000e+01 1.200000000000000000e+01 1.000000000000000000e+00 1.677489280700683594e+00 1.000000000000000000e+00 1.696300506591796875e+00 -2.045307717180855009e-02 -8.000000000000000000e+00
-7.618771246498684535e-01 -8.000000000000000000e+00 5.300000000000000000e+01 1.200000000000000000e+01 0.000000000000000000e+00 2.904891967773437500e-01 1.000000000000000000e+00 3.008842468261718750e-01 -7.618771246498684535e-01 -8.000000000000000000e+00
-1.518640980006784824e+00 1.400000000000000000e+01 5.300000000000000000e+01 1.200000000000000000e+01 0.000000000000000000e+00 4.062604904174804688e+00 0.000000000000000000e+00 0.000000000000000000e+00 -1.518640980006784824e+00 1.400000000000000000e+01
-1.503301172127928353e+00 0.000000000000000000e+00 5.300000000000000000e+01 1.200000000000000000e+01 1.000000000000000000e+00 5.455017089843750000e-01 1.000000000000000000e+00 5.564928054809570312e-01 -1.503301172127928353e+00 0.000000000000000000e+00
-7.209709703062513464e-01 5.000000000000000000e+00 5.300000000000000000e+01 1.200000000000000000e+01 1.000000000000000000e+00 1.047801971435546875e+00 1.000000000000000000e+00 1.089000701904296875e+00 -7.209709703062513464e-01 5.000000000000000000e+00
3.579288505066496179e-02 7.000000000000000000e+00 5.300000000000000000e+01 1.200000000000000000e+01 1.000000000000000000e+00 2.417087554931640625e-01 1.000000000000000000e+00 2.529144287109375000e-01 3.579288505066496179e-02 7.000000000000000000e+00
8.130098175793898374e-01 7.000000000000000000e+00 5.300000000000000000e+01 1.200000000000000000e+01 1.000000000000000000e+00 0.000000000000000000e+00 1.000000000000000000e+00 3.735089302062988281e+00 8.130098175793898374e-01 7.000000000000000000e+00
1.508414441420880658e+00 8.000000000000000000e+00 5.300000000000000000e+01 1.200000000000000000e+01 1.000000000000000000e+00 1.769614219665527344e+00 1.000000000000000000e+00 1.788091659545898438e+00 1.508414441420880658e+00 8.000000000000000000e+00
8.436894333371026677e-01 -2.000000000000000000e+00 5.300000000000000000e+01 1.200000000000000000e+01 1.000000000000000000e+00 6.220102310180664062e-01 1.000000000000000000e+00 6.331920623779296875e-01 8.436894333371026677e-01 -2.000000000000000000e+00
1.073786551519948923e-01 -5.000000000000000000e+00 5.300000000000000000e+01 1.200000000000000000e+01 1.000000000000000000e+00 1.663398742675781250e+00 1.000000000000000000e+00 1.675105094909667969e+00 1.073786551519948923e-01 -5.000000000000000000e+00
-6.493852002049215200e-01 -1.000000000000000000e+00 5.300000000000000000e+01 1.200000000000000000e+01 1.000000000000000000e+00 1.477503776550292969e+00 1.000000000000000000e+00 1.487493515014648438e+00 -6.493852002049215200e-01 -1.000000000000000000e+00
-1.441941940612502693e+00 -1.000000000000000000e+00 5.300000000000000000e+01 1.200000000000000000e+01 0.000000000000000000e+00 4.972386360168457031e+00 0.000000000000000000e+00 0.000000000000000000e+00 -1.441941940612502693e+00 -1.000000000000000000e+00
-1.503301172127928353e+00 0.000000000000000000e+00 5.300000000000000000e+01 1.200000000000000000e+01 1.000000000000000000e+00 3.604888916015625000e-01 1.000000000000000000e+00 3.715991973876953125e-01 -1.503301172127928353e+00 0.000000000000000000e+00
-6.442719309119693261e-01 8.000000000000000000e+00 5.300000000000000000e+01 1.200000000000000000e+01 1.000000000000000000e+00 1.109981536865234375e+00 1.000000000000000000e+00 1.141691207885742188e+00 -6.442719309119693261e-01 8.000000000000000000e+00
1.329450016167555704e-01 8.000000000000000000e+00 5.300000000000000000e+01 1.200000000000000000e+01 1.000000000000000000e+00 1.524686813354492188e+00 1.000000000000000000e+00 1.554584503173828125e+00 1.329450016167555704e-01 8.000000000000000000e+00
8.436894333371026677e-01 4.000000000000000000e+00 5.300000000000000000e+01 1.200000000000000000e+01 1.000000000000000000e+00 0.000000000000000000e+00 1.000000000000000000e+00 3.438496589660644531e+00 8.436894333371026677e-01 4.000000000000000000e+00
1.493074633542024188e+00 2.000000000000000000e+00 5.300000000000000000e+01 1.200000000000000000e+01 1.000000000000000000e+00 1.348805427551269531e+00 1.000000000000000000e+00 1.372098922729492188e+00 1.493074633542024188e+00 2.000000000000000000e+00
5.777994301035915825e-01 -4.000000000000000000e+00 5.300000000000000000e+01 1.200000000000000000e+01 1.000000000000000000e+00 6.027221679687500000e-01 1.000000000000000000e+00 6.137132644653320312e-01 5.777994301035915825e-01 -4.000000000000000000e+00
-3.016828882841761095e-01 -8.000000000000000000e+00 5.300000000000000000e+01 1.200000000000000000e+01 1.000000000000000000e+00 2.794981002807617188e-01 1.000000000000000000e+00 2.897977828979492188e-01 -3.016828882841761095e-01 -8.000000000000000000e+00
-1.191391745257847967e+00 -4.000000000000000000e+00 5.400000000000000000e+01 1.200000000000000000e+01 0.000000000000000000e+00 3.791809082031250000e+00 0.000000000000000000e+00 0.000000000000000000e+00 -1.191391745257847967e+00 -4.000000000000000000e+00
-1.503301172127928353e+00 0.000000000000000000e+00 5.400000000000000000e+01 1.200000000000000000e+01 1.000000000000000000e+00 3.499984741210937500e-01 1.000000000000000000e+00 3.683090209960937500e-01 -1.503301172127928353e+00 0.000000000000000000e+00
-6.340453923260650493e-01 1.000000000000000000e+00 5.400000000000000000e+01 1.200000000000000000e+01 1.000000000000000000e+00 8.670091629028320312e-01 1.000000000000000000e+00 9.122133255004882812e-01 -6.340453923260650493e-01 1.000000000000000000e+00
9.203884727313847713e-02 4.000000000000000000e+00 5.400000000000000000e+01 1.200000000000000000e+01 1.000000000000000000e+00 3.432035446166992188e-01 1.000000000000000000e+00 3.690958023071289062e-01 9.203884727313847713e-02 4.000000000000000000e+00
8.130098175793898374e-01 4.000000000000000000e+00 5.400000000000000000e+01 1.200000000000000000e+01 1.000000000000000000e+00 0.000000000000000000e+00 1.000000000000000000e+00 3.609299659729003906e+00 8.130098175793898374e-01 4.000000000000000000e+00
1.498187902834976271e+00 2.800000000000000000e+01 5.400000000000000000e+01 1.200000000000000000e+01 1.000000000000000000e+00 1.689505577087402344e+00 1.000000000000000000e+00 1.708006858825683594e+00 1.498187902834976271e+00 2.800000000000000000e+01
8.181230868723420313e-01 -5.000000000000000000e+00 5.400000000000000000e+01 1.200000000000000000e+01 1.000000000000000000e+00 1.627707481384277344e+00 1.000000000000000000e+00 1.646208763122558594e+00 8.181230868723420313e-01 -5.000000000000000000e+00
9.715211656609061552e-02 -8.000000000000000000e+00 5.400000000000000000e+01 1.200000000000000000e+01 1.000000000000000000e+00 5.645990371704101562e-01 1.000000000000000000e+00 5.832910537719726562e-01 9.715211656609061552e-02 -8.000000000000000000e+00
-6.442719309119693261e-01 -4.000000000000000000e+00 5.400000000000000000e+01 1.200000000000000000e+01 1.000000000000000000e+00 2.573013305664062500e-01 1.000000000000000000e+00 2.675056457519531250e-01 -6.442719309119693261e-01 -4.000000000000000000e+00
-1.436828671319550610e+00 -1.000000000000000000e+00 5.400000000000000000e+01 1.200000000000000000e+01 0.000000000000000000e+00 3.566098213195800781e+00 0.000000000000000000e+00 0.000000000000000000e+00 -1.436828671319550610e+00 -1.000000000000000000e+00
-1.503301172127928353e+00 0.000000000000000000e+00 5.400000000000000000e+01 1.200000000000000000e+01 1.000000000000000000e+00 1.278614997863769531e+00 1.000000000000000000e+00 1.297116279602050781e+00 -1.503301172127928353e+00 0.000000000000000000e+00
-7.567638553569163706e-01 8.000000000000000000e+00 5.400000000000000000e+01 1.200000000000000000e+01 1.000000000000000000e+00 1.719689369201660156e+00 1.000000000000000000e+00 1.729798316955566406e+00 -7.567638553569163706e-01 8.000000000000000000e+00
2.045307717180855009e-02 8.000000000000000000e+00 5.400000000000000000e+01 1.200000000000000000e+01 1.000000000000000000e+00 1.565885543823242188e+00 1.000000000000000000e+00 1.577091217041015625e+00 2.045307717180855009e-02 8.000000000000000000e+00
7.669903939428206474e-01 7.000000000000000000e+00 5.400000000000000000e+01 1.200000000000000000e+01 1.000000000000000000e+00 0.000000000000000000e+00 1.000000000000000000e+00 3.670310974121093750e+00 7.669903939428206474e-01 7.000000000000000000e+00
1.498187902834976271e+00 8.000000000000000000e+00 5.400000000000000000e+01 1.200000000000000000e+01 1.000000000000000000e+00 7.260799407958984375e-01 1.000000000000000000e+00 7.442951202392578125e-01 1.498187902834976271e+00 8.000000000000000000e+00
7.772169325287249242e-01 -1.000000000000000000e+00 5.400000000000000000e+01 1.200000000000000000e+01 1.000000000000000000e+00 1.345205307006835938e+00 1.000000000000000000e+00 1.363611221313476562e+00 7.772169325287249242e-01 -1.000000000000000000e+00
4.090615434361710018e-02 -5.000000000000000000e+00 5.400000000000000000e+01 1.200000000000000000e+01 1.000000000000000000e+00 2.262115478515625000e-01 1.000000000000000000e+00 2.373218536376953125e-01 4.090615434361710018e-02 -5.000000000000000000e+00
-7.005178931344427928e-01 -5.000000000000000000e+00 5.400000000000000000e+01 1.200000000000000000e+01 1.000000000000000000e+00 7.129907608032226562e-01 1.000000000000000000e+00 7.314920425415039062e-01 -7.005178931344427928e-01 -5.000000000000000000e+00
-1.462395017784311246e+00 -1.000000000000000000e+00 5.400000000000000000e+01 1.200000000000000000e+01 0.000000000000000000e+00 5.010485649108886719e+00 0.000000000000000000e+00 0.000000000000000000e+00 -1.462395017784311246e+00 -1.000000000000000000e+00
-1.503301172127928353e+00 0.000000000000000000e+00 5.400000000000000000e+01 1.200000000000000000e+01 1.000000000000000000e+00 5.616188049316406250e-01 1.000000000000000000e+00 5.729198455810546875e-01 -1.503301172127928353e+00 0.000000000000000000e+00
-7.669903939428206474e-01 3.000000000000000000e+00 5.400000000000000000e+01 1.200000000000000000e+01 1.000000000000000000e+00 1.067709922790527344e+00 1.000000000000000000e+00 1.114702224731445312e+00 -7.669903939428206474e-01 3.000000000000000000e+00
5.113269292952137522e-03 7.000000000000000000e+00 5.400000000000000000e+01 1.200000000000000000e+01 1.000000000000000000e+00 1.524496078491210938e+00 1.000000000000000000e+00 1.543116569519042969e+00 5.113269292952137522e-03 7.000000000000000000e+00
7.669903939428206474e-01 7.000000000000000000e+00 5.400000000000000000e+01 1.200000000000000000e+01 1.000000000000000000e+00 0.000000000000000000e+00 1.000000000000000000e+00 4.922294616699218750e+00 7.669903939428206474e-01 7.000000000000000000e+00
1.508414441420880658e+00 8.000000000000000000e+00 5.400000000000000000e+01 1.200000000000000000e+01 1.000000000000000000e+00 7.136106491088867188e-01 1.000000000000000000e+00 7.246017456054687500e-01 1.508414441420880658e+00 8.000000000000000000e+00
7.772169325287249242e-01 -4.000000000000000000e+00 5.400000000000000000e+01 1.200000000000000000e+01 1.000000000000000000e+00 1.150512695312500000e+00 1.000000000000000000e+00 1.161813735961914062e+00 7.772169325287249242e-01 -4.000000000000000000e+00
1.022653858590427504e-02 -4.000000000000000000e+00 5.400000000000000000e+01 1.200000000000000000e+01 1.000000000000000000e+00 1.774501800537109375e+00 1.000000000000000000e+00 1.793098449707031250e+00 1.022653858590427504e-02 -4.000000000000000000e+00
-7.567638553569163706e-01 -1.000000000000000000e+00 5.400000000000000000e+01 1.200000000000000000e+01 0.000000000000000000e+00 6.235837936401367188e-01 1.000000000000000000e+00 6.419897079467773438e-01 -7.567638553569163706e-01 -1.000000000000000000e+00
-1.518640980006784824e+00 -8.000000000000000000e+00 5.400000000000000000e+01 1.200000000000000000e+01 0.000000000000000000e+00 4.273915290832519531e+00 0.000000000000000000e+00 0.000000000000000000e+00 -1.518640980006784824e+00 -8.000000000000000000e+00
-1.503301172127928353e+00 0.000000000000000000e+00 5.400000000000000000e+01 1.200000000000000000e+01 1.000000000000000000e+00 1.765418052673339844e+00 1.000000000000000000e+00 1.784110069274902344e+00 -1.503301172127928353e+00 0.000000000000000000e+00
-7.465373167710120939e-01 -4.000000000000000000e+00 5.400000000000000000e+01 1.200000000000000000e+01 1.000000000000000000e+00 1.567602157592773438e+00 1.000000000000000000e+00 1.586198806762695312e+00 -7.465373167710120939e-01 -4.000000000000000000e+00
2.045307717180855009e-02 0.000000000000000000e+00 5.400000000000000000e+01 1.200000000000000000e+01 1.000000000000000000e+00 7.457017898559570312e-01 1.000000000000000000e+00 7.640838623046875000e-01 2.045307717180855009e-02 0.000000000000000000e+00
7.465373167710120939e-01 4.000000000000000000e+00 5.400000000000000000e+01 1.200000000000000000e+01 1.000000000000000000e+00 0.000000000000000000e+00 1.000000000000000000e+00 3.770494461059570312e+00 7.465373167710120939e-01 4.000000000000000000e+00
1.498187902834976271e+00 0.000000000000000000e+00 5.400000000000000000e+01 1.200000000000000000e+01 1.000000000000000000e+00 1.454591751098632812e+00 1.000000000000000000e+00 1.473498344421386719e+00 1.498187902834976271e+00 0.000000000000000000e+00
7.669903939428206474e-01 -4.000000000000000000e+00 5.400000000000000000e+01 1.200000000000000000e+01 1.000000000000000000e+00 1.715302467346191406e+00 1.000000000000000000e+00 1.726603507995605469e+00 7.669903939428206474e-01 -4.000000000000000000e+00
1.533980787885641170e-02 -5.000000000000000000e+00 5.400000000000000000e+01 1.200000000000000000e+01 1.000000000000000000e+00 1.264977455139160156e+00 1.000000000000000000e+00 1.286077499389648438e+00 1.533980787885641170e-02 -5.000000000000000000e+00
-7.465373167710120939e-01 -1.000000000000000000e+00 5.400000000000000000e+01 1.200000000000000000e+01 0.000000000000000000e+00 1.960039138793945312e-01 1.000000000000000000e+00 2.063989639282226562e-01 -7.465373167710120939e-01 -1.000000000000000000e+00
-1.518640980006784824e+00 1.500000000000000000e+01 5.400000000000000000e+01 1.200000000000000000e+01 0.000000000000000000e+00 3.466296195983886719e+00 0.000000000000000000e+00 0.000000000000000000e+00 -1.518640980006784824e+00 1.500000000000000000e+01
-1.503301172127928353e+00 0.000000000000000000e+00 5.400000000000000000e+01 1.200000000000000000e+01 1.000000000000000000e+00 1.430916786193847656e+00 1.000000000000000000e+00 1.449513435363769531e+00 -1.503301172127928353e+00 0.000000000000000000e+00
-7.107444317203470696e-01 1.000000000000000000e+00 5.400000000000000000e+01 1.200000000000000000e+01 1.000000000000000000e+00 5.516052246093750000e-01 1.000000000000000000e+00 5.618095397949218750e-01 -7.107444317203470696e-01 1.000000000000000000e+00
4.090615434361710018e-02 4.000000000000000000e+00 5.400000000000000000e+01 1.200000000000000000e+01 1.000000000000000000e+00 1.287984848022460938e+00 1.000000000000000000e+00 1.327085494995117188e+00 4.090615434361710018e-02 4.000000000000000000e+00
7.721036632357727303e-01 0.000000000000000000e+00 5.400000000000000000e+01 1.200000000000000000e+01 1.000000000000000000e+00 0.000000000000000000e+00 1.000000000000000000e+00 3.639411926269531250e+00 7.721036632357727303e-01 0.000000000000000000e+00
1.508414441420880658e+00 3.200000000000000000e+01 5.400000000000000000e+01 1.200000000000000000e+01 1.000000000000000000e+00 1.569294929504394531e+00 1.000000000000000000e+00 1.587605476379394531e+00 1.508414441420880658e+00 3.200000000000000000e+01
7.363107781851078171e-01 -4.000000000000000000e+00 5.400000000000000000e+01 1.200000000000000000e+01 1.000000000000000000e+00 1.660704612731933594e+00 1.000000000000000000e+00 1.673507690429687500e+00 7.363107781851078171e-01 -4.000000000000000000e+00
-3.067961575771282340e-02 -8.000000000000000000e+00 5.400000000000000000e+01 1.200000000000000000e+01 1.000000000000000000e+00 1.351690292358398438e+00 1.000000000000000000e+00 1.370191574096679688e+00 -3.067961575771282340e-02 -8.000000000000000000e+00
-8.232363561652941142e-01 -4.000000000000000000e+00 5.400000000000000000e+01 1.200000000000000000e+01 0.000000000000000000e+00 1.084089279174804688e+00 1.000000000000000000e+00 1.102590560913085938e+00 -8.232363561652941142e-01 -4.000000000000000000e+00
-1.518640980006784824e+00 -1.000000000000000000e+00 5.400000000000000000e+01 1.200000000000000000e+01 0.000000000000000000e+00 4.069089889526367188e+00 0.000000000000000000e+00 0.000000000000000000e+00 -1.518640980006784824e+00 -1.000000000000000000e+00
-1.503301172127928353e+00 0.000000000000000000e+00 5.400000000000000000e+01 1.200000000000000000e+01 1.000000000000000000e+00 6.927967071533203125e-01 1.000000000000000000e+00 7.040023803710937500e-01 -1.503301172127928353e+00 0.000000000000000000e+00
-7.209709703062513464e-01 4.000000000000000000e+00 5.400000000000000000e+01 1.200000000000000000e+01 1.000000000000000000e+00 1.277184486389160156e+00 1.000000000000000000e+00 1.296591758728027344e+00 -7.209709703062513464e-01 4.000000000000000000e+00
5.624596222247351535e-02 4.000000000000000000e+00 5.400000000000000000e+01 1.200000000000000000e+01 1.000000000000000000e+00 1.526713371276855469e+00 1.000000000000000000e+00 1.545000076293945312e+00 5.624596222247351535e-02 4.000000000000000000e+00
8.181230868723420313e-01 4.000000000000000000e+00 5.400000000000000000e+01 1.200000000000000000e+01 1.000000000000000000e+00 0.000000000000000000e+00 1.000000000000000000e+00 4.559493064880371094e+00 8.181230868723420313e-01 4.000000000000000000e+00
1.508414441420880658e+00 3.400000000000000000e+01 5.400000000000000000e+01 1.200000000000000000e+01 1.000000000000000000e+00 1.553916931152343750e+00 1.000000000000000000e+00 1.572608947753906250e+00 1.508414441420880658e+00 3.400000000000000000e+01
7.874434711146292010e-01 -2.000000000000000000e+00 5.400000000000000000e+01 1.200000000000000000e+01 1.000000000000000000e+00 1.252794265747070312e+00 1.000000000000000000e+00 1.271510124206542969e+00 7.874434711146292010e-01 -2.000000000000000000e+00
6.135923151542564680e-02 -2.000000000000000000e+00 5.400000000000000000e+01 1.200000000000000000e+01 1.000000000000000000e+00 1.547217369079589844e+00 1.000000000000000000e+00 1.565408706665039062e+00 6.135923151542564680e-02 -2.000000000000000000e+00
-7.107444317203470696e-01 -1.000000000000000000e+00 5.400000000000000000e+01 1.200000000000000000e+01 0.000000000000000000e+00 4.230809211730957031e+00 0.000000000000000000e+00 0.000000000000000000e+00 -7.107444317203470696e-01 -1.000000000000000000e+00
-1.503301172127928353e+00 -2.000000000000000000e+00 5.400000000000000000e+01 1.200000000000000000e+01 1.000000000000000000e+00 1.102304458618164062e+00 1.000000000000000000e+00 1.120805740356445312e+00 -1.503301172127928353e+00 -2.000000000000000000e+00
-7.516505860639641767e-01 0.000000000000000000e+00 5.400000000000000000e+01 1.200000000000000000e+01 1.000000000000000000e+00 4.999876022338867188e-01 1.000000000000000000e+00 5.110979080200195312e-01 -7.516505860639641767e-01 0.000000000000000000e+00
-1.022653858590427504e-02 1.000000000000000000e+00 5.400000000000000000e+01 1.200000000000000000e+01 1.000000000000000000e+00 1.134991645812988281e+00 1.000000000000000000e+00 1.146006584167480469e+00 -1.022653858590427504e-02 1.000000000000000000e+00
6.902913545485385161e-01 4.000000000000000000e+00 5.400000000000000000e+01 1.200000000000000000e+01 1.000000000000000000e+00 0.000000000000000000e+00 1.000000000000000000e+00 1.807785034179687500e+00 6.902913545485385161e-01 4.000000000000000000e+00
1.462395017784311246e+00 5.000000000000000000e+00 5.400000000000000000e+01 1.200000000000000000e+01 1.000000000000000000e+00 0.000000000000000000e+00 1.000000000000000000e+00 4.978394508361816406e+00 1.462395017784311246e+00 5.000000000000000000e+00
1.493074633542024188e+00 0.000000000000000000e+00 5.400000000000000000e+01 1.200000000000000000e+01 1.000000000000000000e+00 1.004981994628906250e+00 1.000000000000000000e+00 1.023483276367187500e+00 1.493074633542024188e+00 0.000000000000000000e+00
7.823302018216770071e-01 -2.000000000000000000e+00 5.400000000000000000e+01 1.200000000000000000e+01 1.000000000000000000e+00 1.289701461791992188e+00 1.000000000000000000e+00 1.300811767578125000e+00 7.823302018216770071e-01 -2.000000000000000000e+00
1.022653858590427504e-02 -5.000000000000000000e+00 5.400000000000000000e+01 1.200000000000000000e+01 1.000000000000000000e+00 1.369714736938476562e+00 1.000000000000000000e+00 1.433205604553222656e+00 1.022653858590427504e-02 -5.000000000000000000e+00
-7.669903939428206474e-01 2.000000000000000000e+00 5.400000000000000000e+01 1.200000000000000000e+01 0.000000000000000000e+00 1.346993446350097656e+00 1.000000000000000000e+00 1.365399360656738281e+00 -7.669903939428206474e-01 2.000000000000000000e+00
-1.518640980006784824e+00 2.100000000000000000e+01 5.400000000000000000e+01 1.200000000000000000e+01 0.000000000000000000e+00 3.872179985046386719e+00 0.000000000000000000e+00 0.000000000000000000e+00 -1.518640980006784824e+00 2.100000000000000000e+01
-1.503301172127928353e+00 0.000000000000000000e+00 5.400000000000000000e+01 1.200000000000000000e+01 1.000000000000000000e+00 1.014113426208496094e+00 1.000000000000000000e+00 1.028394699096679688e+00 -1.503301172127928353e+00 0.000000000000000000e+00
-7.005178931344427928e-01 0.000000000000000000e+00 5.400000000000000000e+01 1.200000000000000000e+01 1.000000000000000000e+00 2.580165863037109375e-01 1.000000000000000000e+00 2.858161926269531250e-01 -7.005178931344427928e-01 0.000000000000000000e+00
9.715211656609061552e-02 4.000000000000000000e+00 5.400000000000000000e+01 1.200000000000000000e+01 1.000000000000000000e+00 1.168990135192871094e+00 1.000000000000000000e+00 1.187682151794433594e+00 9.715211656609061552e-02 4.000000000000000000e+00
8.539159719230069445e-01 4.000000000000000000e+00 5.400000000000000000e+01 1.200000000000000000e+01 1.000000000000000000e+00 0.000000000000000000e+00 1.000000000000000000e+00 4.443287849426269531e+00 8.539159719230069445e-01 4.000000000000000000e+00
1.508414441420880658e+00 2.600000000000000000e+01 5.400000000000000000e+01 1.200000000000000000e+01 1.000000000000000000e+00 1.021814346313476562e+00 1.000000000000000000e+00 1.032996177673339844e+00 1.508414441420880658e+00 2.600000000000000000e+01
7.311975088921556232e-01 -4.000000000000000000e+00 5.400000000000000000e+01 1.200000000000000000e+01 1.000000000000000000e+00 6.874084472656250000e-01 1.000000000000000000e+00 7.077217102050781250e-01 7.311975088921556232e-01 -4.000000000000000000e+00
-5.113269292952137696e-02 -8.000000000000000000e+00 5.400000000000000000e+01 1.200000000000000000e+01 1.000000000000000000e+00 1.293897628784179688e+00 1.000000000000000000e+00 1.312208175659179688e+00 -5.113269292952137696e-02 -8.000000000000000000e+00
-8.232363561652941142e-01 -4.000000000000000000e+00 5.500000000000000000e+01 1.200000000000000000e+01 0.000000000000000000e+00 5.451917648315429688e-01 1.000000000000000000e+00 5.563974380493164062e-01 -8.232363561652941142e-01 -4.000000000000000000e+00
-1.518640980006784824e+00 2.400000000000000000e+01 5.500000000000000000e+01 1.200000000000000000e+01 0.000000000000000000e+00 3.541493415832519531e+00 0.000000000000000000e+00 0.000000000000000000e+00 -1.518640980006784824e+00 2.400000000000000000e+01
-1.503301172127928353e+00 0.000000000000000000e+00 5.500000000000000000e+01 1.200000000000000000e+01 1.000000000000000000e+00 2.472162246704101562e-01 1.000000000000000000e+00 2.573966979980468750e-01 -1.503301172127928353e+00 0.000000000000000000e+00
-7.465373167710120939e-01 5.000000000000000000e+00 5.500000000000000000e+01 1.200000000000000000e+01 1.000000000000000000e+00 8.239030838012695312e-01 1.000000000000000000e+00 8.654117584228515625e-01 -7.465373167710120939e-01 5.000000000000000000e+00
1.022653858590427504e-02 4.000000000000000000e+00 5.500000000000000000e+01 1.200000000000000000e+01 1.000000000000000000e+00 1.534509658813476562e+00 1.000000000000000000e+00 1.553010940551757812e+00 1.022653858590427504e-02 4.000000000000000000e+00
7.669903939428206474e-01 3.000000000000000000e+00 5.500000000000000000e+01 1.200000000000000000e+01 1.000000000000000000e+00 0.000000000000000000e+00 1.000000000000000000e+00 4.736709594726562500e+00 7.669903939428206474e-01 3.000000000000000000e+00
1.508414441420880658e+00 3.200000000000000000e+01 5.500000000000000000e+01 1.200000000000000000e+01 1.000000000000000000e+00 7.063865661621093750e-01 1.000000000000000000e+00 7.174968719482421875e-01 1.508414441420880658e+00 3.200000000000000000e+01
7.772169325287249242e-01 -1.100000000000000000e+01 5.500000000000000000e+01 1.200000000000000000e+01 1.000000000000000000e+00 1.674413681030273438e+00 1.000000000000000000e+00 1.763296127319335938e+00 7.772169325287249242e-01 -1.100000000000000000e+01
1.533980787885641170e-02 -1.000000000000000000e+01 5.500000000000000000e+01 1.200000000000000000e+01 1.000000000000000000e+00 1.059603691101074219e+00 1.000000000000000000e+00 1.078200340270996094e+00 1.533980787885641170e-02 -1.000000000000000000e+01
-7.465373167710120939e-01 -8.000000000000000000e+00 5.500000000000000000e+01 1.200000000000000000e+01 0.000000000000000000e+00 1.529788970947265625e+00 1.000000000000000000e+00 1.548600196838378906e+00 -7.465373167710120939e-01 -8.000000000000000000e+00
-1.518640980006784824e+00 -8.000000000000000000e+00 5.500000000000000000e+01 1.200000000000000000e+01 0.000000000000000000e+00 4.834604263305664062e+00 0.000000000000000000e+00 0.000000000000000000e+00 -1.518640980006784824e+00 -8.000000000000000000e+00
-1.508414441420880658e+00 0.000000000000000000e+00 5.500000000000000000e+01 1.200000000000000000e+01 1.000000000000000000e+00 1.068401336669921875e+00 1.000000000000000000e+00 1.104402542114257812e+00 -1.508414441420880658e+00 0.000000000000000000e+00
-7.005178931344427928e-01 8.000000000000000000e+00 5.500000000000000000e+01 1.200000000000000000e+01 1.000000000000000000e+00 1.063418388366699219e+00 1.000000000000000000e+00 1.081800460815429688e+00 -7.005178931344427928e-01 8.000000000000000000e+00
8.181230868723420036e-02 1.100000000000000000e+01 5.500000000000000000e+01 1.200000000000000000e+01 1.000000000000000000e+00 1.715803146362304688e+00 1.000000000000000000e+00 1.734209060668945312e+00 8.181230868723420036e-02 1.100000000000000000e+01
8.692557798018634152e-01 1.000000000000000000e+01 5.500000000000000000e+01 1.200000000000000000e+01 1.000000000000000000e+00 0.000000000000000000e+00 1.000000000000000000e+00 4.436683654785156250e+00 8.692557798018634152e-01 1.000000000000000000e+01
1.503301172127928353e+00 2.800000000000000000e+01 5.500000000000000000e+01 1.200000000000000000e+01 1.000000000000000000e+00 1.585412025451660156e+00 1.000000000000000000e+00 1.605296134948730469e+00 1.503301172127928353e+00 2.800000000000000000e+01
7.669903939428206474e-01 -4.000000000000000000e+00 5.500000000000000000e+01 1.200000000000000000e+01 1.000000000000000000e+00 1.547598838806152344e+00 1.000000000000000000e+00 1.566100120544433594e+00 7.669903939428206474e-01 -4.000000000000000000e+00
-4.090615434361710018e-02 -8.000000000000000000e+00 5.500000000000000000e+01 1.200000000000000000e+01 1.000000000000000000e+00 3.476858139038085938e-01 1.000000000000000000e+00 3.588914871215820312e-01 -4.090615434361710018e-02 -8.000000000000000000e+00
-8.385761640441505849e-01 -4.000000000000000000e+00 5.500000000000000000e+01 1.200000000000000000e+01 0.000000000000000000e+00 1.755094528198242188e+00 1.000000000000000000e+00 1.773786544799804688e+00 -8.385761640441505849e-01 -4.000000000000000000e+00
-1.513527710713832741e+00 -2.400000000000000000e+01 5.500000000000000000e+01 1.200000000000000000e+01 0.000000000000000000e+00 3.894305229187011719e+00 0.000000000000000000e+00 0.000000000000000000e+00 -1.513527710713832741e+00 -2.400000000000000000e+01
-1.503301172127928353e+00 0.000000000000000000e+00 5.500000000000000000e+01 1.200000000000000000e+01 1.000000000000000000e+00 1.291084289550781250e+00 1.000000000000000000e+00 1.309490203857421875e+00 -1.503301172127928353e+00 0.000000000000000000e+00
-7.874434711146292010e-01 3.000000000000000000e+00 5.500000000000000000e+01 1.200000000000000000e+01 1.000000000000000000e+00 3.981113433837890625e-01 1.000000000000000000e+00 4.094123840332031250e-01 -7.874434711146292010e-01 3.000000000000000000e+00
-4.090615434361710018e-02 7.000000000000000000e+00 5.500000000000000000e+01 1.200000000000000000e+01 1.000000000000000000e+00 1.728892326354980469e+00 1.000000000000000000e+00 1.747202873229980469e+00 -4.090615434361710018e-02 7.000000000000000000e+00
7.056311624273949867e-01 8.000000000000000000e+00 5.500000000000000000e+01 1.200000000000000000e+01 1.000000000000000000e+00 0.000000000000000000e+00 1.000000000000000000e+00 1.117706298828125000e+00 7.056311624273949867e-01 8.000000000000000000e+00
1.467508287077263551e+00 4.000000000000000000e+00 5.500000000000000000e+01 1.200000000000000000e+01 1.000000000000000000e+00 0.000000000000000000e+00 1.000000000000000000e+00 4.728484153747558594e+00 1.467508287077263551e+00 4.000000000000000000e+00
1.493074633542024188e+00 0.000000000000000000e+00 5.500000000000000000e+01 1.200000000000000000e+01 1.000000000000000000e+00 1.412487030029296875e+00 1.000000000000000000e+00 1.430988311767578125e+00 1.493074633542024188e+00 0.000000000000000000e+00
7.874434711146292010e-01 -4.000000000000000000e+00 5.500000000000000000e+01 1.200000000000000000e+01 1.000000000000000000e+00 1.204109191894531250e+00 1.000000000000000000e+00 1.222801208496093750e+00 7.874434711146292010e-01 -4.000000000000000000e+00
3.579288505066496179e-02 -4.000000000000000000e+00 5.500000000000000000e+01 1.200000000000000000e+01 1.000000000000000000e+00 1.110100746154785156e+00 1.000000000000000000e+00 1.128506660461425781e+00 3.579288505066496179e-02 -4.000000000000000000e+00
-7.158577010132992635e-01 -5.000000000000000000e+00 5.500000000000000000e+01 1.200000000000000000e+01 0.000000000000000000e+00 4.474997520446777344e+00 0.000000000000000000e+00 0.000000000000000000e+00 -7.158577010132992635e-01 -5.000000000000000000e+00
-1.503301172127928353e+00 -2.000000000000000000e+00 5.500000000000000000e+01 1.200000000000000000e+01 1.000000000000000000e+00 1.707887649536132812e+00 1.000000000000000000e+00 1.736903190612792969e+00 -1.503301172127928353e+00 -2.000000000000000000e+00
-7.363107781851078171e-01 8.000000000000000000e+00 5.500000000000000000e+01 1.200000000000000000e+01 1.000000000000000000e+00 1.254796981811523438e+00 1.000000000000000000e+00 1.273298263549804688e+00 -7.363107781851078171e-01 8.000000000000000000e+00
5.624596222247351535e-02 4.000000000000000000e+00 5.500000000000000000e+01 1.200000000000000000e+01 1.000000000000000000e+00 1.560020446777343750e+00 1.000000000000000000e+00 1.578617095947265625e+00 5.624596222247351535e-02 4.000000000000000000e+00
8.130098175793898374e-01 1.000000000000000000e+00 5.500000000000000000e+01 1.200000000000000000e+01 1.000000000000000000e+00 0.000000000000000000e+00 1.000000000000000000e+00 4.197907447814941406e+00 8.130098175793898374e-01 1.000000000000000000e+00
1.508414441420880658e+00 3.500000000000000000e+01 5.500000000000000000e+01 1.200000000000000000e+01 1.000000000000000000e+00 1.136493682861328125e+00 1.000000000000000000e+00 1.195907592773437500e+00 1.508414441420880658e+00 3.500000000000000000e+01
7.618771246498684535e-01 -5.000000000000000000e+00 5.500000000000000000e+01 1.200000000000000000e+01 1.000000000000000000e+00 1.684522628784179688e+00 1.000000000000000000e+00 1.703000068664550781e+00 7.618771246498684535e-01 -5.000000000000000000e+00
-5.113269292952137522e-03 -2.000000000000000000e+00 5.500000000000000000e+01 1.200000000000000000e+01 1.000000000000000000e+00 4.303932189941406250e-01 1.000000000000000000e+00 4.487991333007812500e-01 -5.113269292952137522e-03 -2.000000000000000000e+00
-8.130098175793898374e-01 -1.000000000000000000e+00 5.500000000000000000e+01 1.200000000000000000e+01 0.000000000000000000e+00 1.346492767333984375e+00 1.000000000000000000e+00 1.357698440551757812e+00 -8.130098175793898374e-01 -1.000000000000000000e+00
-1.518640980006784824e+00 2.000000000000000000e+01 5.500000000000000000e+01 1.200000000000000000e+01 0.000000000000000000e+00 4.704499244689941406e+00 0.000000000000000000e+00 0.000000000000000000e+00 -1.518640980006784824e+00 2.000000000000000000e+01
-1.503301172127928353e+00 0.000000000000000000e+00 5.500000000000000000e+01 1.200000000000000000e+01 1.000000000000000000e+00 7.680892944335937500e-01 1.000000000000000000e+00 7.866859436035156250e-01 -1.503301172127928353e+00 0.000000000000000000e+00
-7.209709703062513464e-01 0.000000000000000000e+00 5.500000000000000000e+01 1.200000000000000000e+01 1.000000000000000000e+00 7.502079010009765625e-01 1.000000000000000000e+00 7.688999176025390625e-01 -7.209709703062513464e-01 0.000000000000000000e+00
3.579288505066496179e-02 4.000000000000000000e+00 5.500000000000000000e+01 1.200000000000000000e+01 1.000000000000000000e+00 6.431102752685546875e-01 1.000000000000000000e+00 6.618022918701171875e-01 3.579288505066496179e-02 4.000000000000000000e+00
7.772169325287249242e-01 0.000000000000000000e+00 5.500000000000000000e+01 1.200000000000000000e+01 1.000000000000000000e+00 0.000000000000000000e+00 1.000000000000000000e+00 3.824901580810546875e+00 7.772169325287249242e-01 0.000000000000000000e+00
1.508414441420880658e+00 0.000000000000000000e+00 5.500000000000000000e+01 1.200000000000000000e+01 1.000000000000000000e+00 1.278614997863769531e+00 1.000000000000000000e+00 1.297307014465332031e+00 1.508414441420880658e+00 0.000000000000000000e+00
7.618771246498684535e-01 -4.000000000000000000e+00 5.500000000000000000e+01 1.200000000000000000e+01 1.000000000000000000e+00 1.071500778198242188e+00 1.000000000000000000e+00 1.089692115783691406e+00 7.618771246498684535e-01 -4.000000000000000000e+00
-2.045307717180855009e-02 -8.000000000000000000e+00 5.500000000000000000e+01 1.200000000000000000e+01 1.000000000000000000e+00 1.099681854248046875e+00 1.000000000000000000e+00 1.118183135986328125e+00 -2.045307717180855009e-02 -8.000000000000000000e+00
-8.027832789934855606e-01 -8.000000000000000000e+00 5.500000000000000000e+01 1.200000000000000000e+01 0.000000000000000000e+00 7.962942123413085938e-01 1.000000000000000000e+00 8.066892623901367188e-01 -8.027832789934855606e-01 -8.000000000000000000e+00
-1.518640980006784824e+00 1.700000000000000000e+01 5.500000000000000000e+01 1.200000000000000000e+01 0.000000000000000000e+00 4.127097129821777344e+00 0.000000000000000000e+00 0.000000000000000000e+00 -1.518640980006784824e+00 1.700000000000000000e+01
-1.503301172127928353e+00 0.000000000000000000e+00 5.500000000000000000e+01 1.200000000000000000e+01 1.000000000000000000e+00 1.710987091064453125e+00 1.000000000000000000e+00 1.729393005371093750e+00 -1.503301172127928353e+00 0.000000000000000000e+00
-7.465373167710120939e-01 0.000000000000000000e+00 5.500000000000000000e+01 1.200000000000000000e+01 1.000000000000000000e+00 4.470825195312500000e-01 1.000000000000000000e+00 4.580974578857421875e-01 -7.465373167710120939e-01 0.000000000000000000e+00
6.647250080837778519e-02 1.000000000000000000e+00 5.500000000000000000e+01 1.200000000000000000e+01 1.000000000000000000e+00 1.127004623413085938e+00 1.000000000000000000e+00 1.145386695861816406e+00 6.647250080837778519e-02 1.000000000000000000e+00
9.050486648525283284e-01 4.000000000000000000e+00 5.500000000000000000e+01 1.200000000000000000e+01 1.000000000000000000e+00 0.000000000000000000e+00 1.000000000000000000e+00 4.713010787963867188e+00 9.050486648525283284e-01 4.000000000000000000e+00
1.493074633542024188e+00 4.000000000000000000e+00 5.500000000000000000e+01 1.200000000000000000e+01 1.000000000000000000e+00 6.970882415771484375e-01 1.000000000000000000e+00 7.154941558837890625e-01 1.493074633542024188e+00 4.000000000000000000e+00
7.465373167710120939e-01 -4.000000000000000000e+00 5.500000000000000000e+01 1.200000000000000000e+01 1.000000000000000000e+00 1.442599296569824219e+00 1.000000000000000000e+00 1.461005210876464844e+00 7.465373167710120939e-01 -4.000000000000000000e+00
-4.090615434361710018e-02 0.000000000000000000e+00 5.500000000000000000e+01 1.200000000000000000e+01 1.000000000000000000e+00 1.606512069702148438e+00 1.000000000000000000e+00 1.621508598327636719e+00 -4.090615434361710018e-02 0.000000000000000000e+00
-8.181230868723420313e-01 2.000000000000000000e+00 5.500000000000000000e+01 1.200000000000000000e+01 0.000000000000000000e+00 5.073070526123046875e-01 1.000000000000000000e+00 5.620956420898437500e-01 -8.181230868723420313e-01 2.000000000000000000e+00
-1.518640980006784824e+00 2.500000000000000000e+01 5.500000000000000000e+01 1.200000000000000000e+01 0.000000000000000000e+00 4.180693626403808594e+00 0.000000000000000000e+00 0.000000000000000000e+00 -1.518640980006784824e+00 2.500000000000000000e+01
-1.503301172127928353e+00 0.000000000000000000e+00 5.500000000000000000e+01 1.200000000000000000e+01 1.000000000000000000e+00 1.782298088073730469e+00 1.000000000000000000e+00 1.800799369812011719e+00 -1.503301172127928353e+00 0.000000000000000000e+00
-7.158577010132992635e-01 0.000000000000000000e+00 5.500000000000000000e+01 1.200000000000000000e+01 1.000000000000000000e+00 4.627943038940429688e-01 1.000000000000000000e+00 4.731893539428710938e-01 -7.158577010132992635e-01 0.000000000000000000e+00
9.715211656609061552e-02 4.000000000000000000e+00 5.500000000000000000e+01 1.200000000000000000e+01 1.000000000000000000e+00 3.629922866821289062e-01 1.000000000000000000e+00 3.817081451416015625e-01 9.715211656609061552e-02 4.000000000000000000e+00
8.641425105089112213e-01 0.000000000000000000e+00 5.500000000000000000e+01 1.200000000000000000e+01 1.000000000000000000e+00 0.000000000000000000e+00 1.000000000000000000e+00 5.012106895446777344e+00 8.641425105089112213e-01 0.000000000000000000e+00
1.508414441420880658e+00 1.900000000000000000e+01 5.500000000000000000e+01 1.200000000000000000e+01 1.000000000000000000e+00 3.637075424194335938e-01 1.000000000000000000e+00 3.822088241577148438e-01 1.508414441420880658e+00 1.900000000000000000e+01
7.721036632357727303e-01 -4.000000000000000000e+00 5.500000000000000000e+01 1.200000000000000000e+01 1.000000000000000000e+00 2.314090728759765625e-01 1.000000000000000000e+00 2.422094345092773438e-01 7.721036632357727303e-01 -4.000000000000000000e+00
2.045307717180855009e-02 -8.000000000000000000e+00 5.500000000000000000e+01 1.200000000000000000e+01 1.000000000000000000e+00 8.924007415771484375e-01 1.000000000000000000e+00 9.120941162109375000e-01 2.045307717180855009e-02 -8.000000000000000000e+00
-7.209709703062513464e-01 -8.000000000000000000e+00 5.500000000000000000e+01 1.200000000000000000e+01 0.000000000000000000e+00 3.844404220581054688e+00 0.000000000000000000e+00 0.000000000000000000e+00 -7.209709703062513464e-01 -8.000000000000000000e+00
-1.508414441420880658e+00 -2.400000000000000000e+01 5.500000000000000000e+01 1.200000000000000000e+01 1.000000000000000000e+00 1.432800292968750000e+00 1.000000000000000000e+00 1.451110839843750000e+00 -1.508414441420880658e+00 -2.400000000000000000e+01
-7.567638553569163706e-01 7.000000000000000000e+00 5.500000000000000000e+01 1.200000000000000000e+01 1.000000000000000000e+00 5.902051925659179688e-01 1.000000000000000000e+00 6.086111068725585938e-01 -7.567638553569163706e-01 7.000000000000000000e+00
1.022653858590427504e-02 7.000000000000000000e+00 5.500000000000000000e+01 1.200000000000000000e+01 1.000000000000000000e+00 1.055812835693359375e+00 1.000000000000000000e+00 1.066899299621582031e+00 1.022653858590427504e-02 7.000000000000000000e+00
7.465373167710120939e-01 1.400000000000000000e+01 5.500000000000000000e+01 1.200000000000000000e+01 1.000000000000000000e+00 0.000000000000000000e+00 1.000000000000000000e+00 4.381799697875976562e+00 7.465373167710120939e-01 1.400000000000000000e+01
1.493074633542024188e+00 1.000000000000000000e+01 5.500000000000000000e+01 1.200000000000000000e+01 1.000000000000000000e+00 4.196166992187500000e-01 1.000000000000000000e+00 4.305124282836914062e-01 1.493074633542024188e+00 1.000000000000000000e+01
7.976700097005334777e-01 -1.000000000000000000e+00 5.500000000000000000e+01 1.200000000000000000e+01 1.000000000000000000e+00 2.001047134399414062e-01 1.000000000000000000e+00 2.104043960571289062e-01 7.976700097005334777e-01 -1.000000000000000000e+00
2.045307717180855009e-02 -5.000000000000000000e+00 5.500000000000000000e+01 1.200000000000000000e+01 1.000000000000000000e+00 4.694938659667968750e-01 1.000000000000000000e+00 4.804849624633789062e-01 2.045307717180855009e-02 -5.000000000000000000e+00
-7.516505860639641767e-01 -1.000000000000000000e+00 5.500000000000000000e+01 1.200000000000000000e+01 0.000000000000000000e+00 6.302118301391601562e-01 1.000000000000000000e+00 6.413221359252929688e-01 -7.516505860639641767e-01 -1.000000000000000000e+00
-1.518640980006784824e+00 -1.000000000000000000e+00 5.500000000000000000e+01 1.200000000000000000e+01 0.000000000000000000e+00 4.654192924499511719e+00 0.000000000000000000e+00 0.000000000000000000e+00 -1.518640980006784824e+00 -1.000000000000000000e+00
-1.503301172127928353e+00 0.000000000000000000e+00 5.500000000000000000e+01 1.200000000000000000e+01 1.000000000000000000e+00 3.381967544555664062e-01 1.000000000000000000e+00 3.494024276733398438e-01 -1.503301172127928353e+00 0.000000000000000000e+00
-7.158577010132992635e-01 1.000000000000000000e+00 5.500000000000000000e+01 1.200000000000000000e+01 1.000000000000000000e+00 1.286411285400390625e+00 1.000000000000000000e+00 1.304793357849121094e+00 -7.158577010132992635e-01 1.000000000000000000e+00
1.073786551519948923e-01 1.000000000000000000e+00 5.500000000000000000e+01 1.200000000000000000e+01 1.000000000000000000e+00 1.407504081726074219e+00 1.000000000000000000e+00 1.418590545654296875e+00 1.073786551519948923e-01 1.000000000000000000e+00
8.743690490948154981e-01 0.000000000000000000e+00 5.500000000000000000e+01 1.200000000000000000e+01 1.000000000000000000e+00 0.000000000000000000e+00 1.000000000000000000e+00 4.267621040344238281e+00 8.743690490948154981e-01 0.000000000000000000e+00
1.503301172127928353e+00 3.300000000000000000e+01 5.500000000000000000e+01 1.200000000000000000e+01 1.000000000000000000e+00 1.159501075744628906e+00 1.000000000000000000e+00 1.178002357482910156e+00 1.503301172127928353e+00 3.300000000000000000e+01
7.516505860639641767e-01 -5.000000000000000000e+00 5.500000000000000000e+01 1.200000000000000000e+01 1.000000000000000000e+00 5.649089813232421875e-01 1.000000000000000000e+00 5.834102630615234375e-01 7.516505860639641767e-01 -5.000000000000000000e+00
-2.556634646476068848e-02 -8.000000000000000000e+00 5.500000000000000000e+01 1.200000000000000000e+01 1.000000000000000000e+00 3.466844558715820312e-01 1.000000000000000000e+00 3.575801849365234375e-01 -2.556634646476068848e-02 -8.000000000000000000e+00
-7.874434711146292010e-01 -1.000000000000000000e+00 5.500000000000000000e+01 1.200000000000000000e+01 0.000000000000000000e+00 4.569053649902343750e-01 1.000000000000000000e+00 4.707098007202148438e-01 -7.874434711146292010e-01 -1.000000000000000000e+00
-1.518640980006784824e+00 2.000000000000000000e+01 5.500000000000000000e+01 1.200000000000000000e+01 0.000000000000000000e+00 3.622698783874511719e+00 0.000000000000000000e+00 0.000000000000000000e+00 -1.518640980006784824e+00 2.000000000000000000e+01
-1.503301172127928353e+00 0.000000000000000000e+00 5.500000000000000000e+01 1.200000000000000000e+01 1.000000000000000000e+00 1.783299446105957031e+00 1.000000000000000000e+00 1.802015304565429688e+00 -1.503301172127928353e+00 0.000000000000000000e+00
-7.363107781851078171e-01 1.000000000000000000e+00 5.500000000000000000e+01 1.200000000000000000e+01 1.000000000000000000e+00 1.606488227844238281e+00 1.000000000000000000e+00 1.625299453735351562e+00 -7.363107781851078171e-01 1.000000000000000000e+00
4.601942363656923995e-01 4.000000000000000000e+00 5.500000000000000000e+01 1.200000000000000000e+01 1.000000000000000000e+00 1.734590530395507812e+00 1.000000000000000000e+00 1.745891571044921875e+00 4.601942363656923857e-02 4.000000000000000000e+00
7.823302018216770293e+00 4.000000000000000000e+00 5.500000000000000000e+01 1.200000000000000000e+01 1.000000000000000000e+00 0.000000000000000000e+00 1.000000000000000000e+00 4.788708686828613281e+00 7.823302018216770071e-01 4.000000000000000000e+00
1.508414441420880614e+01 1.600000000000000000e+01 5.500000000000000000e+01 1.200000000000000000e+01 1.000000000000000000e+00 1.589488983154296875e+00 1.000000000000000000e+00 1.607990264892578125e+00 1.508414441420880658e+00 1.600000000000000000e+01
8.181230868723419647e+00 -2.000000000000000000e+00 5.500000000000000000e+01 1.200000000000000000e+01 1.000000000000000000e+00 8.974075317382812500e-01 1.000000000000000000e+00 9.159088134765625000e-01 8.181230868723420313e-01 -2.000000000000000000e+00
5.624596222247351118e-01 -2.000000000000000000e+00 5.500000000000000000e+01 1.200000000000000000e+01 1.000000000000000000e+00 5.592823028564453125e-01 1.000000000000000000e+00 5.779981613159179688e-01 5.624596222247351535e-02 -2.000000000000000000e+00
-6.749515466696821342e+00 2.000000000000000000e+00 5.500000000000000000e+01 1.200000000000000000e+01 1.000000000000000000e+00 2.990961074829101562e-01 1.000000000000000000e+00 3.100872039794921875e-01 -6.749515466696821564e-01 2.000000000000000000e+00
-1.467508287077263596e+01 -1.000000000000000000e+00 5.500000000000000000e+01 1.200000000000000000e+01 0.000000000000000000e+00 4.404091835021972656e+00 0.000000000000000000e+00 0.000000000000000000e+00 -1.467508287077263551e+00 -1.000000000000000000e+00
-1.503301172127928353e+01 0.000000000000000000e+00 5.500000000000000000e+01 1.200000000000000000e+01 1.000000000000000000e+00 5.281209945678710938e-01 1.000000000000000000e+00 5.465030670166015625e-01 -1.503301172127928353e+00 0.000000000000000000e+00
-7.516505860639641767e+00 1.200000000000000000e+01 5.500000000000000000e+01 1.200000000000000000e+01 1.000000000000000000e+00 4.024982452392578125e-01 1.000000000000000000e+00 4.134893417358398438e-01 -7.516505860639641767e-01 1.200000000000000000e+01
1.022653858590427539e-01 4.000000000000000000e+00 5.500000000000000000e+01 1.200000000000000000e+01 1.000000000000000000e+00 1.220202445983886719e+00 1.000000000000000000e+00 1.238512992858886719e+00 1.022653858590427504e-02 4.000000000000000000e+00
7.414240474780599222e+00 3.000000000000000000e+00 5.500000000000000000e+01 1.200000000000000000e+01 1.000000000000000000e+00 0.000000000000000000e+00 1.000000000000000000e+00 1.348304748535156250e+00 7.414240474780599000e-01 3.000000000000000000e+00
1.487961364249072105e+01 7.000000000000000000e+00 5.500000000000000000e+01 1.200000000000000000e+01 1.000000000000000000e+00 0.000000000000000000e+00 1.000000000000000000e+00 4.245901107788085938e+00 1.487961364249072105e+00 7.000000000000000000e+00
1.493074633542024188e+01 0.000000000000000000e+00 5.500000000000000000e+01 1.200000000000000000e+01 1.000000000000000000e+00 1.532912254333496094e+00 1.000000000000000000e+00 1.551294326782226562e+00 1.493074633542024188e+00 0.000000000000000000e+00
7.669903939428206030e+00 -4.000000000000000000e+00 5.500000000000000000e+01 1.200000000000000000e+01 1.000000000000000000e+00 7.332086563110351562e-01 1.000000000000000000e+00 7.518053054809570312e-01 7.669903939428206474e-01 -4.000000000000000000e+00
5.113269292952137696e-02 -4.000000000000000000e+00 5.500000000000000000e+01 1.200000000000000000e+01 1.000000000000000000e+00 2.429962158203125000e-01 1.000000000000000000e+00 2.532958984375000000e-01 5.113269292952137522e-03 -4.000000000000000000e+00
-7.567638553569163484e+00 -4.000000000000000000e+00 5.500000000000000000e+01 1.200000000000000000e+01 0.000000000000000000e+00 3.843688964843750000e+00 0.000000000000000000e+00 0.000000000000000000e+00 -7.567638553569163706e-01 -4.000000000000000000e+00
-1.508414441420880614e+01 -2.000000000000000000e+00 5.500000000000000000e+01 1.200000000000000000e+01 1.000000000000000000e+00 9.886980056762695312e-01 1.000000000000000000e+00 1.052689552307128906e+00 -1.508414441420880658e+00 -2.000000000000000000e+00
-7.823302018216770293e+00 8.000000000000000000e+00 5.500000000000000000e+01 1.200000000000000000e+01 1.000000000000000000e+00 2.388954162597656250e-01 1.000000000000000000e+00 2.501010894775390625e-01 -7.823302018216770071e-01 8.000000000000000000e+00
-4.090615434361710157e-01 7.000000000000000000e+00 5.500000000000000000e+01 1.200000000000000000e+01 1.000000000000000000e+00 9.937047958374023438e-01 1.000000000000000000e+00 1.012015342712402344e+00 -4.090615434361710018e-02 7.000000000000000000e+00
6.596117387908257079e+00 7.000000000000000000e+00 5.500000000000000000e+01 1.200000000000000000e+01 1.000000000000000000e+00 0.000000000000000000e+00 1.000000000000000000e+00 1.673793792724609375e+00 6.596117387908256857e-01 7.000000000000000000e+00
1.411262324854789973e+01 4.000000000000000000e+00 5.500000000000000000e+01 1.200000000000000000e+01 1.000000000000000000e+00 0.000000000000000000e+00 1.000000000000000000e+00 4.288601875305175781e+00 1.411262324854789973e+00 4.000000000000000000e+00
1.493074633542024188e+01 0.000000000000000000e+00 5.500000000000000000e+01 1.200000000000000000e+01 1.000000000000000000e+00 3.062963485717773438e-01 1.000000000000000000e+00 3.173112869262695312e-01 1.493074633542024188e+00 0.000000000000000000e+00
7.925567404075812838e+00 -1.000000000000000000e+00 5.500000000000000000e+01 1.200000000000000000e+01 1.000000000000000000e+00 7.701873779296875000e-01 1.000000000000000000e+00 7.889986038208007812e-01 7.925567404075812838e-01 -1.000000000000000000e+00
8.181230868723420313e-01 -4.000000000000000000e+00 5.500000000000000000e+01 1.200000000000000000e+01 1.000000000000000000e+00 1.420497894287109375e+00 1.000000000000000000e+00 1.439189910888671875e+00 8.181230868723420036e-02 -4.000000000000000000e+00
-6.238188537401607725e+00 -4.000000000000000000e+00 5.500000000000000000e+01 1.200000000000000000e+01 1.000000000000000000e+00 9.140968322753906250e-01 1.000000000000000000e+00 9.323835372924804688e-01 -6.238188537401607725e-01 -4.000000000000000000e+00
-1.401035786268885630e+01 -1.000000000000000000e+00 5.500000000000000000e+01 1.200000000000000000e+01 0.000000000000000000e+00 3.922605514526367188e+00 0.000000000000000000e+00 0.000000000000000000e+00 -1.401035786268885586e+00 -1.000000000000000000e+00
-1.503301172127928353e+01 0.000000000000000000e+00 5.500000000000000000e+01 1.200000000000000000e+01 1.000000000000000000e+00 1.331710815429687500e+00 1.000000000000000000e+00 1.342797279357910156e+00 -1.503301172127928353e+00 0.000000000000000000e+00
-7.363107781851078393e+00 1.200000000000000000e+01 5.500000000000000000e+01 1.200000000000000000e+01 1.000000000000000000e+00 5.544185638427734375e-01 1.000000000000000000e+00 5.804061889648437500e-01 -7.363107781851078171e-01 1.200000000000000000e+01
4.090615434361710157e-01 1.000000000000000000e+01 5.500000000000000000e+01 1.200000000000000000e+01 1.000000000000000000e+00 1.207494735717773438e+00 1.000000000000000000e+00 1.225900650024414062e+00 4.090615434361710018e-02 1.000000000000000000e+01
7.721036632357726859e+00 6.000000000000000000e+00 5.500000000000000000e+01 1.200000000000000000e+01 1.000000000000000000e+00 0.000000000000000000e+00 1.000000000000000000e+00 4.778480529785156250e+00 7.721036632357727303e-01 6.000000000000000000e+00
1.503301172127928353e+01 8.000000000000000000e+00 5.500000000000000000e+01 1.200000000000000000e+01 1.000000000000000000e+00 5.559921264648437500e-01 1.000000000000000000e+00 5.745887756347656250e-01 1.503301172127928353e+00 8.000000000000000000e+00
7.772169325287249464e+00 -5.000000000000000000e+00 5.500000000000000000e+01 1.200000000000000000e+01 1.000000000000000000e+00 1.341390609741210938e+00 1.000000000000000000e+00 1.360011100769042969e+00 7.772169325287249242e-01 -5.000000000000000000e+00
4.090615434361710157e-01 -4.000000000000000000e+00 5.500000000000000000e+01 1.200000000000000000e+01 1.000000000000000000e+00 4.831075668334960938e-01 1.000000000000000000e+00 4.941940307617187500e-01 4.090615434361710018e-02 -4.000000000000000000e+00
-7.260842395992035847e+00 -1.000000000000000000e+00 5.500000000000000000e+01 1.200000000000000000e+01 0.000000000000000000e+00 4.109501838684082031e+00 0.000000000000000000e+00 0.000000000000000000e+00 -7.260842395992035403e-01 -1.000000000000000000e+00
-1.508414441420880614e+01 -1.400000000000000000e+01 5.500000000000000000e+01 1.200000000000000000e+01 1.000000000000000000e+00 3.550052642822265625e-01 1.000000000000000000e+00 3.654003143310546875e-01 -1.508414441420880658e+00 -1.400000000000000000e+01
-7.465373167710120939e+00 4.000000000000000000e+00 5.500000000000000000e+01 1.200000000000000000e+01 1.000000000000000000e+00 1.391601562500000000e+00 1.000000000000000000e+00 1.410007476806640625e+00 -7.465373167710120939e-01 4.000000000000000000e+00
0.000000000000000000e+00 7.000000000000000000e+00 5.600000000000000000e+01 1.200000000000000000e+01 1.000000000000000000e+00 1.735401153564453125e+00 1.000000000000000000e+00 1.753711700439453125e+00 0.000000000000000000e+00 7.000000000000000000e+00
7.311975088921556676e+00 8.000000000000000000e+00 5.600000000000000000e+01 1.200000000000000000e+01 1.000000000000000000e+00 0.000000000000000000e+00 1.000000000000000000e+00 5.135059356689453125e-01 7.311975088921556232e-01 8.000000000000000000e+00
1.472621556370215679e+01 4.000000000000000000e+00 5.500000000000000000e+01 1.200000000000000000e+01 1.000000000000000000e+00 0.000000000000000000e+00 1.000000000000000000e+00 4.942607879638671875e+00 1.472621556370215634e+00 4.000000000000000000e+00
1.493074633542024188e+01 0.000000000000000000e+00 5.600000000000000000e+01 1.200000000000000000e+01 1.000000000000000000e+00 4.907131195068359375e-01 1.000000000000000000e+00 5.017995834350585938e-01 1.493074633542024188e+00 0.000000000000000000e+00
7.976700097005334555e+00 -1.000000000000000000e+00 5.600000000000000000e+01 1.200000000000000000e+01 1.000000000000000000e+00 1.397609710693359375e+00 1.000000000000000000e+00 1.416206359863281250e+00 7.976700097005334777e-01 -1.000000000000000000e+00
9.715211656609061830e-01 -5.000000000000000000e+00 5.600000000000000000e+01 1.200000000000000000e+01 1.000000000000000000e+00 3.779888153076171875e-01 1.000000000000000000e+00 3.890037536621093750e-01 9.715211656609061552e-02 -5.000000000000000000e+00
-6.442719309119693705e+00 -5.000000000000000000e+00 5.600000000000000000e+01 1.200000000000000000e+01 1.000000000000000000e+00 1.254510879516601562e+00 1.000000000000000000e+00 1.273107528686523438e+00 -6.442719309119693261e-01 -5.000000000000000000e+00
-1.395922516975933547e+01 -1.000000000000000000e+00 5.600000000000000000e+01 1.200000000000000000e+01 0.000000000000000000e+00 4.842710494995117188e+00 0.000000000000000000e+00 0.000000000000000000e+00 -1.395922516975933503e+00 -1.000000000000000000e+00
-1.503301172127928353e+01 0.000000000000000000e+00 5.600000000000000000e+01 1.200000000000000000e+01 1.000000000000000000e+00 4.878997802734375000e-01 1.000000000000000000e+00 5.064964294433593750e-01 -1.503301172127928353e+00 0.000000000000000000e+00
-7.669903939428206030e+00 9.000000000000000000e+00 5.600000000000000000e+01 1.200000000000000000e+01 1.000000000000000000e+00 7.672071456909179688e-01 1.000000000000000000e+00 7.857084274291992188e-01 -7.669903939428206474e-01 9.000000000000000000e+00
-1.533980787885641239e-01 1.100000000000000000e+01 5.600000000000000000e+01 1.200000000000000000e+01 1.000000000000000000e+00 5.427837371826171875e-01 1.000000000000000000e+00 5.614995956420898438e-01 -1.533980787885641170e-02 1.100000000000000000e+01
7.311975088921556676e+00 7.000000000000000000e+00 5.600000000000000000e+01 1.200000000000000000e+01 1.000000000000000000e+00 0.000000000000000000e+00 1.000000000000000000e+00 4.089832305908203125e-01 7.311975088921556232e-01 7.000000000000000000e+00
1.477734825663167761e+01 8.000000000000000000e+00 5.600000000000000000e+01 1.200000000000000000e+01 1.000000000000000000e+00 0.000000000000000000e+00 1.000000000000000000e+00 3.687715530395507812e+00 1.477734825663167717e+00 8.000000000000000000e+00
1.493074633542024188e+01 0.000000000000000000e+00 5.600000000000000000e+01 1.200000000000000000e+01 1.000000000000000000e+00 6.495952606201171875e-01 1.000000000000000000e+00 6.680011749267578125e-01 1.493074633542024188e+00 0.000000000000000000e+00
7.465373167710120939e+00 -4.000000000000000000e+00 5.600000000000000000e+01 1.200000000000000000e+01 1.000000000000000000e+00 1.627302169799804688e+00 1.000000000000000000e+00 1.645898818969726562e+00 7.465373167710120939e-01 -4.000000000000000000e+00
-1.022653858590427539e-01 -8.000000000000000000e+00 5.600000000000000000e+01 1.200000000000000000e+01 1.000000000000000000e+00 1.312589645385742188e+00 1.000000000000000000e+00 1.331210136413574219e+00 -1.022653858590427504e-02 -8.000000000000000000e+00
-7.925567404075812838e+00 -4.000000000000000000e+00 5.600000000000000000e+01 1.200000000000000000e+01 0.000000000000000000e+00 1.201987266540527344e+00 1.000000000000000000e+00 1.213192939758300781e+00 -7.925567404075812838e-01 -4.000000000000000000e+00
-1.518640980006784780e+01 2.300000000000000000e+01 5.600000000000000000e+01 1.200000000000000000e+01 0.000000000000000000e+00 4.162001609802246094e+00 0.000000000000000000e+00 0.000000000000000000e+00 -1.518640980006784824e+00 2.300000000000000000e+01
-1.503301172127928353e+01 0.000000000000000000e+00 5.600000000000000000e+01 1.200000000000000000e+01 1.000000000000000000e+00 1.326489448547363281e+00 1.000000000000000000e+00 1.345300674438476562e+00 -1.503301172127928353e+00 0.000000000000000000e+00
-7.107444317203470696e+00 4.000000000000000000e+00 5.600000000000000000e+01 1.200000000000000000e+01 1.000000000000000000e+00 1.308488845825195312e+00 1.000000000000000000e+00 1.327085494995117188e+00 -7.107444317203470696e-01 4.000000000000000000e+00
5.624596222247351118e-01 7.000000000000000000e+00 5.600000000000000000e+01 1.200000000000000000e+01 1.000000000000000000e+00 1.081299781799316406e+00 1.000000000000000000e+00 1.092481613159179688e+00 5.624596222247351535e-02 7.000000000000000000e+00
7.925567404075812838e+00 4.000000000000000000e+00 5.600000000000000000e+01 1.200000000000000000e+01 1.000000000000000000e+00 0.000000000000000000e+00 1.000000000000000000e+00 3.896021842956542969e+00 7.925567404075812838e-01 4.000000000000000000e+00
1.508414441420880614e+01 1.000000000000000000e+01 5.500000000000000000e+01 1.200000000000000000e+01 1.000000000000000000e+00 1.069784164428710938e+00 1.000000000000000000e+00 1.088500022888183594e+00 1.508414441420880658e+00 1.000000000000000000e+01
7.823302018216770293e+00 -2.000000000000000000e+00 5.500000000000000000e+01 1.200000000000000000e+01 1.000000000000000000e+00 1.804900169372558594e+00 1.000000000000000000e+00 1.823306083679199219e+00 7.823302018216770071e-01 -2.000000000000000000e+00
2.045307717180855078e-01 -2.000000000000000000e+00 5.500000000000000000e+01 1.200000000000000000e+01 1.000000000000000000e+00 1.197886466979980469e+00 1.000000000000000000e+00 1.216387748718261719e+00 2.045307717180855009e-02 -2.000000000000000000e+00
-7.465373167710120939e+00 -1.000000000000000000e+00 5.600000000000000000e+01 1.200000000000000000e+01 0.000000000000000000e+00 2.798080444335937500e-01 1.000000000000000000e+00 2.912998199462890625e-01 -7.465373167710120939e-01 -1.000000000000000000e+00
-1.518640980006784780e+01 -2.000000000000000000e+00 5.600000000000000000e+01 1.200000000000000000e+01 0.000000000000000000e+00 4.041314125061035156e+00 0.000000000000000000e+00 0.000000000000000000e+00 -1.518640980006784824e+00 -2.000000000000000000e+00
-1.503301172127928353e+01 0.000000000000000000e+00 5.600000000000000000e+01 1.200000000000000000e+01 1.000000000000000000e+00 1.270103454589843750e+00 1.000000000000000000e+00 1.288700103759765625e+00 -1.503301172127928353e+00 0.000000000000000000e+00
-7.567638553569163484e+00 8.000000000000000000e+00 5.600000000000000000e+01 1.200000000000000000e+01 1.000000000000000000e+00 1.589798927307128906e+00 1.000000000000000000e+00 1.608991622924804688e+00 -7.567638553569163706e-01 8.000000000000000000e+00
2.045307717180855078e-01 8.000000000000000000e+00 5.600000000000000000e+01 1.200000000000000000e+01 1.000000000000000000e+00 8.971929550170898438e-01 1.000000000000000000e+00 9.082078933715820312e-01 2.045307717180855009e-02 8.000000000000000000e+00
7.976700097005334555e+00 4.000000000000000000e+00 5.600000000000000000e+01 1.200000000000000000e+01 1.000000000000000000e+00 0.000000000000000000e+00 1.000000000000000000e+00 4.524993896484375000e+00 7.976700097005334777e-01 4.000000000000000000e+00
1.508414441420880614e+01 3.400000000000000000e+01 5.600000000000000000e+01 1.200000000000000000e+01 1.000000000000000000e+00 1.213693618774414062e+00 1.000000000000000000e+00 1.232099533081054688e+00 1.508414441420880658e+00 3.400000000000000000e+01
7.618771246498684313e+00 -5.000000000000000000e+00 5.600000000000000000e+01 1.200000000000000000e+01 1.000000000000000000e+00 1.622390747070312500e+00 1.000000000000000000e+00 1.640701293945312500e+00 7.618771246498684535e-01 -5.000000000000000000e+00
-3.067961575771282479e-01 -4.000000000000000000e+00 5.600000000000000000e+01 1.200000000000000000e+01 1.000000000000000000e+00 1.405692100524902344e+00 1.000000000000000000e+00 1.423788070678710938e+00 -3.067961575771282340e-02 -4.000000000000000000e+00
-8.232363561652940476e+00 -2.000000000000000000e+00 5.600000000000000000e+01 1.200000000000000000e+01 0.000000000000000000e+00 1.808118820190429688e+00 1.000000000000000000e+00 1.826906204223632812e+00 -8.232363561652941142e-01 -2.000000000000000000e+00
-1.518640980006784780e+01 2.000000000000000000e+01 5.600000000000000000e+01 1.200000000000000000e+01 0.000000000000000000e+00 4.184103012084960938e+00 0.000000000000000000e+00 0.000000000000000000e+00 -1.518640980006784824e+00 2.000000000000000000e+01
-1.503301172127928353e+01 0.000000000000000000e+00 5.600000000000000000e+01 1.200000000000000000e+01 1.000000000000000000e+00 1.691818237304687500e+00 1.000000000000000000e+00 1.710414886474609375e+00 -1.503301172127928353e+00 0.000000000000000000e+00
-7.158577010132992413e+00 4.000000000000000000e+00 5.600000000000000000e+01 1.200000000000000000e+01 1.000000000000000000e+00 8.526086807250976562e-01 1.000000000000000000e+00 8.635997772216796875e-01 -7.158577010132992635e-01 4.000000000000000000e+00
9.203884727313847991e-01 4.000000000000000000e+00 5.600000000000000000e+01 1.200000000000000000e+01 1.000000000000000000e+00 2.744913101196289062e-01 1.000000000000000000e+00 2.856969833374023438e-01 9.203884727313847713e-02 4.000000000000000000e+00
9.203884727313848657e+00 0.000000000000000000e+00 5.600000000000000000e+01 1.200000000000000000e+01 1.000000000000000000e+00 0.000000000000000000e+00 1.000000000000000000e+00 4.031991958618164062e+00 9.203884727313847991e-01 0.000000000000000000e+00
1.503301172127928353e+01 1.400000000000000000e+01 5.600000000000000000e+01 1.200000000000000000e+01 1.000000000000000000e+00 1.206207275390625000e+00 1.000000000000000000e+00 1.224899291992187500e+00 1.503301172127928353e+00 1.400000000000000000e+01
7.618771246498684313e+00 -8.000000000000000000e+00 5.600000000000000000e+01 1.200000000000000000e+01 1.000000000000000000e+00 7.642030715942382812e-01 1.000000000000000000e+00 7.753133773803710938e-01 7.618771246498684535e-01 -8.000000000000000000e+00
5.113269292952137696e-02 -8.000000000000000000e+00 5.600000000000000000e+01 1.200000000000000000e+01 1.000000000000000000e+00 4.873037338256835938e-01 1.000000000000000000e+00 4.982948303222656250e-01 5.113269292952137522e-03 -8.000000000000000000e+00
-7.516505860639641767e+00 -8.000000000000000000e+00 5.600000000000000000e+01 1.200000000000000000e+01 0.000000000000000000e+00 4.042863845825195312e-01 1.000000000000000000e+00 4.271984100341796875e-01 -7.516505860639641767e-01 -8.000000000000000000e+00
-1.518640980006784780e+01 -8.000000000000000000e+00 5.600000000000000000e+01 1.200000000000000000e+01 0.000000000000000000e+00 4.443693161010742188e+00 0.000000000000000000e+00 0.000000000000000000e+00 -1.518640980006784824e+00 -8.000000000000000000e+00
-1.503301172127928353e+01 0.000000000000000000e+00 5.600000000000000000e+01 1.200000000000000000e+01 1.000000000000000000e+00 1.384210586547851562e+00 1.000000000000000000e+00 1.402711868286132812e+00 -1.503301172127928353e+00 0.000000000000000000e+00
-7.567638553569163484e+00 6.000000000000000000e+00 5.600000000000000000e+01 1.200000000000000000e+01 1.000000000000000000e+00 1.617789268493652344e+00 1.000000000000000000e+00 1.636409759521484375e+00 -7.567638553569163706e-01 6.000000000000000000e+00
0.000000000000000000e+00 7.000000000000000000e+00 5.600000000000000000e+01 1.200000000000000000e+01 1.000000000000000000e+00 6.947040557861328125e-01 1.000000000000000000e+00 7.067918777465820312e-01 0.000000000000000000e+00 7.000000000000000000e+00
7.465373167710120939e+00 1.000000000000000000e+01 5.600000000000000000e+01 1.200000000000000000e+01 1.000000000000000000e+00 0.000000000000000000e+00 1.000000000000000000e+00 1.871585845947265625e+00 7.465373167710120939e-01 1.000000000000000000e+01
1.477734825663167761e+01 6.000000000000000000e+00 5.600000000000000000e+01 1.200000000000000000e+01 1.000000000000000000e+00 0.000000000000000000e+00 1.000000000000000000e+00 4.406285285949707031e+00 1.477734825663167717e+00 6.000000000000000000e+00
1.493074633542024188e+01 0.000000000000000000e+00 5.600000000000000000e+01 1.200000000000000000e+01 1.000000000000000000e+00 1.540303230285644531e+00 1.000000000000000000e+00 1.558709144592285156e+00 1.493074633542024188e+00 0.000000000000000000e+00
7.669903939428206030e+00 -7.000000000000000000e+00 5.600000000000000000e+01 1.200000000000000000e+01 1.000000000000000000e+00 5.750894546508789062e-01 1.000000000000000000e+00 5.856990814208984375e-01 7.669903939428206474e-01 -7.000000000000000000e+00
5.113269292952137696e-02 -7.000000000000000000e+00 5.600000000000000000e+01 1.200000000000000000e+01 1.000000000000000000e+00 1.609706878662109375e+00 1.000000000000000000e+00 1.636219024658203125e+00 5.113269292952137522e-03 -7.000000000000000000e+00
-7.618771246498684313e+00 -4.000000000000000000e+00 5.600000000000000000e+01 1.200000000000000000e+01 0.000000000000000000e+00 1.259183883666992188e+00 1.000000000000000000e+00 1.277685165405273438e+00 -7.618771246498684535e-01 -4.000000000000000000e+00
-1.518640980006784780e+01 -5.000000000000000000e+00 5.600000000000000000e+01 1.200000000000000000e+01 0.000000000000000000e+00 4.054713249206542969e+00 0.000000000000000000e+00 0.000000000000000000e+00 -1.518640980006784824e+00 -5.000000000000000000e+00
-1.503301172127928353e+01 0.000000000000000000e+00 5.600000000000000000e+01 1.200000000000000000e+01 1.000000000000000000e+00 3.059148788452148438e-01 1.000000000000000000e+00 3.163099288940429688e-01 -1.503301172127928353e+00 0.000000000000000000e+00
-7.465373167710120939e+00 8.000000000000000000e+00 5.600000000000000000e+01 1.200000000000000000e+01 1.000000000000000000e+00 1.705002784729003906e+00 1.000000000000000000e+00 1.754689216613769531e+00 -7.465373167710120939e-01 8.000000000000000000e+00
2.045307717180855078e-01 7.000000000000000000e+00 5.600000000000000000e+01 1.200000000000000000e+01 1.000000000000000000e+00 1.667904853820800781e+00 1.000000000000000000e+00 1.686191558837890625e+00 2.045307717180855009e-02 7.000000000000000000e+00
7.874434711146292010e+00 4.000000000000000000e+00 5.600000000000000000e+01 1.200000000000000000e+01 1.000000000000000000e+00 0.000000000000000000e+00 1.000000000000000000e+00 3.497290611267089844e+00 7.874434711146292010e-01 4.000000000000000000e+00
1.508414441420880614e+01 3.200000000000000000e+01 5.600000000000000000e+01 1.200000000000000000e+01 1.000000000000000000e+00 3.812789916992187500e-01 1.000000000000000000e+00 3.922939300537109375e-01 1.508414441420880658e+00 3.200000000000000000e+01
7.976700097005334555e+00 -2.000000000000000000e+00 5.600000000000000000e+01 1.200000000000000000e+01 1.000000000000000000e+00 1.118612289428710938e+00 1.000000000000000000e+00 1.137900352478027344e+00 7.976700097005334777e-01 -2.000000000000000000e+00
6.135923151542564957e-01 0.000000000000000000e+00 5.600000000000000000e+01 1.200000000000000000e+01 1.000000000000000000e+00 4.674196243286132812e-01 1.000000000000000000e+00 5.043983459472656250e-01 6.135923151542564680e-02 0.000000000000000000e+00
-7.005178931344428150e+00 -2.000000000000000000e+00 5.600000000000000000e+01 1.200000000000000000e+01 1.000000000000000000e+00 4.972982406616210938e+00 1.000000000000000000e+00 4.991483688354492188e+00 -7.005178931344427928e-01 -2.000000000000000000e+00
-1.493074633542024188e+01 -1.000000000000000000e+00 5.600000000000000000e+01 1.200000000000000000e+01 1.000000000000000000e+00 1.614093780517578125e+00 1.000000000000000000e+00 1.632690429687500000e+00 -1.493074633542024188e+00 -1.000000000000000000e+00
-7.618771246498684313e+00 5.000000000000000000e+00 5.600000000000000000e+01 1.200000000000000000e+01 1.000000000000000000e+00 1.318502426147460938e+00 1.000000000000000000e+00 1.337003707885742188e+00 -7.618771246498684535e-01 5.000000000000000000e+00
0.000000000000000000e+00 1.000000000000000000e+00 5.600000000000000000e+01 1.200000000000000000e+01 1.000000000000000000e+00 1.292991638183593750e+00 1.000000000000000000e+00 1.311802864074707031e+00 0.000000000000000000e+00 1.000000000000000000e+00
7.363107781851078393e+00 0.000000000000000000e+00 5.600000000000000000e+01 1.200000000000000000e+01 1.000000000000000000e+00 0.000000000000000000e+00 1.000000000000000000e+00 1.464891433715820312e+00 7.363107781851078171e-01 0.000000000000000000e+00
1.487961364249072105e+01 4.000000000000000000e+00 5.600000000000000000e+01 1.200000000000000000e+01 1.000000000000000000e+00 0.000000000000000000e+00 1.000000000000000000e+00 4.739499092102050781e+00 1.487961364249072105e+00 4.000000000000000000e+00
1.493074633542024188e+01 0.000000000000000000e+00 5.600000000000000000e+01 1.200000000000000000e+01 1.000000000000000000e+00 7.526874542236328125e-01 1.000000000000000000e+00 7.713079452514648438e-01 1.493074633542024188e+00 0.000000000000000000e+00
7.772169325287249464e+00 -1.000000000000000000e+00 5.600000000000000000e+01 1.200000000000000000e+01 1.000000000000000000e+00 1.296186447143554688e+00 1.000000000000000000e+00 1.307392120361328125e+00 7.772169325287249242e-01 -1.000000000000000000e+00
1.022653858590427539e-01 -1.000000000000000000e+00 5.600000000000000000e+01 1.200000000000000000e+01 1.000000000000000000e+00 1.793003082275390625e+00 1.000000000000000000e+00 1.804804801940917969e+00 1.022653858590427504e-02 -1.000000000000000000e+00
-7.567638553569163484e+00 0.000000000000000000e+00 5.600000000000000000e+01 1.200000000000000000e+01 0.000000000000000000e+00 1.340293884277343750e+00 1.000000000000000000e+00 1.358914375305175781e+00 -7.567638553569163706e-01 0.000000000000000000e+00
-1.518640980006784780e+01 1.800000000000000000e+01 5.600000000000000000e+01 1.200000000000000000e+01 0.000000000000000000e+00 4.157400131225585938e+00 0.000000000000000000e+00 0.000000000000000000e+00 -1.518640980006784824e+00 1.800000000000000000e+01
-1.503301172127928353e+01 0.000000000000000000e+00 5.600000000000000000e+01 1.200000000000000000e+01 1.000000000000000000e+00 9.364128112792968750e-01 1.000000000000000000e+00 9.549140930175781250e-01 -1.503301172127928353e+00 0.000000000000000000e+00
-7.260842395992035847e+00 1.000000000000000000e+00 5.600000000000000000e+01 1.200000000000000000e+01 1.000000000000000000e+00 1.242399215698242188e+00 1.000000000000000000e+00 1.261091232299804688e+00 -7.260842395992035403e-01 1.000000000000000000e+00
8.181230868723420313e-01 4.000000000000000000e+00 5.600000000000000000e+01 1.200000000000000000e+01 1.000000000000000000e+00 7.112979888916015625e-01 1.000000000000000000e+00 7.295846939086914062e-01 8.181230868723420036e-02 4.000000000000000000e+00
8.590292412159591606e+00 1.000000000000000000e+00 5.600000000000000000e+01 1.200000000000000000e+01 1.000000000000000000e+00 0.000000000000000000e+00 1.000000000000000000e+00 4.076886177062988281e+00 8.590292412159591384e-01 1.000000000000000000e+00
1.508414441420880614e+01 1.100000000000000000e+01 5.600000000000000000e+01 1.200000000000000000e+01 1.000000000000000000e+00 1.783704757690429688e+00 1.000000000000000000e+00 1.802110671997070312e+00 1.508414441420880658e+00 1.100000000000000000e+01
7.414240474780599222e+00 -5.000000000000000000e+00 5.600000000000000000e+01 1.200000000000000000e+01 1.000000000000000000e+00 1.670217514038085938e+00 1.000000000000000000e+00 1.688909530639648438e+00 7.414240474780599000e-01 -5.000000000000000000e+00
-5.624596222247351118e-01 -8.000000000000000000e+00 5.600000000000000000e+01 1.200000000000000000e+01 1.000000000000000000e+00 1.359796524047851562e+00 1.000000000000000000e+00 1.378083229064941406e+00 -5.624596222247351535e-02 -8.000000000000000000e+00
-8.539159719230069001e+00 -5.000000000000000000e+00 5.600000000000000000e+01 1.200000000000000000e+01 0.000000000000000000e+00 1.000905036926269531e+00 1.000000000000000000e+00 1.019406318664550781e+00 -8.539159719230069445e-01 -5.000000000000000000e+00
-1.513527710713832697e+01 -1.200000000000000000e+01 5.600000000000000000e+01 1.200000000000000000e+01 0.000000000000000000e+00 3.547382354736328125e+00 0.000000000000000000e+00 0.000000000000000000e+00 -1.513527710713832741e+00 -1.200000000000000000e+01
-1.503301172127928353e+01 0.000000000000000000e+00 5.600000000000000000e+01 1.200000000000000000e+01 1.000000000000000000e+00 6.642818450927734375e-01 1.000000000000000000e+00 6.833791732788085938e-01 -1.503301172127928353e+00 0.000000000000000000e+00
-7.516505860639641767e+00 8.000000000000000000e+00 5.600000000000000000e+01 1.200000000000000000e+01 1.000000000000000000e+00 1.584696769714355469e+00 1.000000000000000000e+00 1.617789268493652344e+00 -7.516505860639641767e-01 8.000000000000000000e+00
0.000000000000000000e+00 8.000000000000000000e+00 5.600000000000000000e+01 1.200000000000000000e+01 1.000000000000000000e+00 1.584911346435546875e+00 1.000000000000000000e+00 1.603603363037109375e+00 0.000000000000000000e+00 8.000000000000000000e+00
7.669903939428206030e+00 4.000000000000000000e+00 5.600000000000000000e+01 1.200000000000000000e+01 1.000000000000000000e+00 0.000000000000000000e+00 1.000000000000000000e+00 4.213690757751464844e+00 7.669903939428206474e-01 4.000000000000000000e+00
1.503301172127928353e+01 1.100000000000000000e+01 5.600000000000000000e+01 1.200000000000000000e+01 1.000000000000000000e+00 3.066062927246093750e-01 1.000000000000000000e+00 3.178119659423828125e-01 1.503301172127928353e+00 1.100000000000000000e+01
7.414240474780599222e+00 -1.000000000000000000e+00 5.600000000000000000e+01 1.200000000000000000e+01 1.000000000000000000e+00 5.239009857177734375e-01 1.000000000000000000e+00 5.546092987060546875e-01 7.414240474780599000e-01 -1.000000000000000000e+00
0.000000000000000000e+00 -1.000000000000000000e+00 5.600000000000000000e+01 1.200000000000000000e+01 1.000000000000000000e+00 1.798510551452636719e+00 1.000000000000000000e+00 1.826715469360351562e+00 0.000000000000000000e+00 -1.000000000000000000e+00
-7.567638553569163484e+00 -5.000000000000000000e+00 5.600000000000000000e+01 1.200000000000000000e+01 0.000000000000000000e+00 1.314806938171386719e+00 1.000000000000000000e+00 1.333498954772949219e+00 -7.567638553569163706e-01 -5.000000000000000000e+00
-1.518640980006784780e+01 -1.000000000000000000e+00 5.600000000000000000e+01 1.200000000000000000e+01 0.000000000000000000e+00 4.484796524047851562e+00 0.000000000000000000e+00 0.000000000000000000e+00 -1.518640980006784824e+00 -1.000000000000000000e+00
-1.503301172127928353e+01 0.000000000000000000e+00 5.600000000000000000e+01 1.200000000000000000e+01 1.000000000000000000e+00 9.815931320190429688e-01 1.000000000000000000e+00 1.002001762390136719e+00 -1.503301172127928353e+00 0.000000000000000000e+00
-7.005178931344428150e+00 2.000000000000000000e+00 5.600000000000000000e+01 1.200000000000000000e+01 1.000000000000000000e+00 7.282018661499023438e-01 1.000000000000000000e+00 7.467031478881835938e-01 -7.005178931344427928e-01 2.000000000000000000e+00
9.203884727313847991e-01 4.000000000000000000e+00 5.600000000000000000e+01 1.200000000000000000e+01 1.000000000000000000e+00 6.787061691284179688e-01 1.000000000000000000e+00 6.971120834350585938e-01 9.203884727313847713e-02 4.000000000000000000e+00
8.590292412159591606e+00 1.000000000000000000e+00 5.600000000000000000e+01 1.200000000000000000e+01 1.000000000000000000e+00 0.000000000000000000e+00 1.000000000000000000e+00 4.559898376464843750e+00 8.590292412159591384e-01 1.000000000000000000e+00
1.503301172127928353e+01 3.400000000000000000e+01 5.600000000000000000e+01 1.200000000000000000e+01 1.000000000000000000e+00 6.203889846801757812e-01 1.000000000000000000e+00 6.334066390991210938e-01 1.503301172127928353e+00 3.400000000000000000e+01
7.465373167710120939e+00 -5.000000000000000000e+00 5.600000000000000000e+01 1.200000000000000000e+01 1.000000000000000000e+00 6.250143051147460938e-01 1.000000000000000000e+00 6.433010101318359375e-01 7.465373167710120939e-01 -5.000000000000000000e+00
-2.556634646476068640e-01 -8.000000000000000000e+00 5.600000000000000000e+01 1.200000000000000000e+01 1.000000000000000000e+00 7.427215576171875000e-01 1.000000000000000000e+00 7.615089416503906250e-01 -2.556634646476068848e-02 -8.000000000000000000e+00
-8.027832789934855384e+00 -8.000000000000000000e+00 5.600000000000000000e+01 1.200000000000000000e+01 0.000000000000000000e+00 1.373219490051269531e+00 1.000000000000000000e+00 1.391816139221191406e+00 -8.027832789934855606e-01 -8.000000000000000000e+00
-1.518640980006784780e+01 1.300000000000000000e+01 5.600000000000000000e+01 1.200000000000000000e+01 0.000000000000000000e+00 3.978300094604492188e+00 0.000000000000000000e+00 0.000000000000000000e+00 -1.518640980006784824e+00 1.300000000000000000e+01
-1.503301172127928353e+01 0.000000000000000000e+00 5.600000000000000000e+01 1.200000000000000000e+01 1.000000000000000000e+00 3.396987915039062500e-01 1.000000000000000000e+00 3.501892089843750000e-01 -1.503301172127928353e+00 0.000000000000000000e+00
-6.954046238414907322e+00 4.000000000000000000e+00 5.600000000000000000e+01 1.200000000000000000e+01 1.000000000000000000e+00 1.487088203430175781e+00 1.000000000000000000e+00 1.505589485168457031e+00 -6.954046238414907100e-01 4.000000000000000000e+00
1.022653858590427456e+00 6.000000000000000000e+00 5.600000000000000000e+01 1.200000000000000000e+01 1.000000000000000000e+00 9.731054306030273438e-01 1.000000000000000000e+00 9.840965270996093750e-01 1.022653858590427539e-01 6.000000000000000000e+00
9.101619341454805223e+00 6.000000000000000000e+00 5.600000000000000000e+01 1.200000000000000000e+01 1.000000000000000000e+00 0.000000000000000000e+00 1.000000000000000000e+00 4.204797744750976562e+00 9.101619341454805223e-01 6.000000000000000000e+00
1.493074633542024188e+01 2.500000000000000000e+01 5.600000000000000000e+01 1.200000000000000000e+01 1.000000000000000000e+00 1.090192794799804688e+00 1.000000000000000000e+00 1.108694076538085938e+00 1.493074633542024188e+00 2.500000000000000000e+01
6.800648159626342171e+00 -4.000000000000000000e+00 5.600000000000000000e+01 1.200000000000000000e+01 1.000000000000000000e+00 9.858131408691406250e-01 1.000000000000000000e+00 9.963035583496093750e-01 6.800648159626342393e-01 -4.000000000000000000e+00
-2.454369260617025983e+00 -8.000000000000000000e+00 5.600000000000000000e+01 1.200000000000000000e+01 1.000000000000000000e+00 2.841949462890625000e-01 1.000000000000000000e+00 2.952814102172851562e-01 -2.454369260617025872e-01 -8.000000000000000000e+00
