8.053399136399616021e-01 5.600000000000000533e+00 3.360000000000000142e+01 8.400000000000000355e+00 1.400000000000000133e+00 0.000000000000000000e+00 7.000000000000000666e-01 2.647957801818847656e+00 8.053399136399616021e-01 5.600000000000000533e+00
8.053399136399616021e-01 5.600000000000000533e+00 3.360000000000000142e+01 8.400000000000000355e+00 2.660000000000000586e+00 0.000000000000000000e+00 1.330000000000000071e+00 3.015055656433105469e+00 1.606250457754903493e+00 5.282480000000000508e+00
8.053399136399616021e-01 5.600000000000000533e+00 3.360000000000000142e+01 8.400000000000000355e+00 3.826164776000000600e+00 0.000000000000000000e+00 1.897000000000000242e+00 3.262157273292541682e+00 1.485512769218111373e+00 3.202791541040000300e+00
8.053399136399616021e-01 5.600000000000000533e+00 3.360000000000000142e+01 8.400000000000000355e+00 3.826164776000000600e+00 0.000000000000000000e+00 1.897000000000000242e+00 3.262157273292541682e+00 1.057422991972563731e+00 2.711636209284671306e+00
8.053399136399616021e-01 5.600000000000000533e+00 3.360000000000000142e+01 8.400000000000000355e+00 3.777275649600000840e+00 6.145842075347900391e-01 1.897000000000000242e+00 3.262157273292541682e+00 5.725746742635164921e-01 3.232581370136469179e+00
8.053399136399616021e-01 5.600000000000000533e+00 3.360000000000000142e+01 8.400000000000000355e+00 3.826164776000000600e+00 1.656230979466438435e-01 1.897000000000000242e+00 3.262157273292541682e+00 3.913647849947727297e-01 4.862206526551984709e+00
8.053399136399616021e-01 5.600000000000000533e+00 3.360000000000000142e+01 8.400000000000000355e+00 3.900637176000000927e+00 0.000000000000000000e+00 1.897000000000000242e+00 3.262157273292541682e+00 4.220415549071712125e-01 6.940787805965857871e+00
8.741133856301678273e-01 5.040000000000000924e+00 3.503999999999999915e+01 8.759999999999999787e+00 3.826164776000000600e+00 0.000000000000000000e+00 2.087000000000000188e+00 3.359649252891540705e+00 5.787285119473557504e-01 8.593643207060242872e+00
8.053399136399616021e-01 5.600000000000000533e+00 3.360000000000000142e+01 8.400000000000000355e+00 3.826164776000000600e+00 0.000000000000000000e+00 1.897000000000000242e+00 3.262157273292541682e+00 8.028315046715089887e-01 7.980956166038636113e+00
7.145793836900611318e-01 4.640000000000000568e+00 3.503999999999999915e+01 8.759999999999999787e+00 3.925483948316895066e+00 0.000000000000000000e+00 1.997000000000000108e+00 3.305737805366516291e+00 6.916883473839833263e-01 7.894344407978680422e+00
6.245858441341035627e-01 4.940000000000000391e+00 3.514000000000000057e+01 8.759999999999999787e+00 4.172164471627234583e+00 -9.545887560908296776e-05 2.190021267948129235e+00 3.823412220583943366e+00 6.760866488326943147e-01 8.110743486758506648e+00
5.744758050631726398e-01 5.240000000000000213e+00 3.514000000000000057e+01 8.759999999999999787e+00 3.826164776000000600e+00 3.919777375308831635e-01 2.433356964386809818e+00 4.248235800648824778e+00 7.069032085900209816e-01 8.384990917677683342e+00
6.562881137504067430e-01 5.740000000000000213e+00 3.514000000000000057e+01 8.759999999999999787e+00 3.777275649600000840e+00 8.130684884054804051e-01 2.381841071540899968e+00 4.165287675222971941e+00 7.737904938566498858e-01 8.051954087161321993e+00
7.442363455891836121e-01 6.140000000000000568e+00 3.514000000000000057e+01 8.759999999999999787e+00 3.826164776000000600e+00 4.021211506957280690e-01 2.324601190601000233e+00 4.076768246581398358e+00 8.420499107593982790e-01 8.015830484312818527e+00
8.541716353876545043e-01 5.840000000000000746e+00 3.514000000000000057e+01 8.759999999999999787e+00 3.900637176000000927e+00 0.000000000000000000e+00 2.261001322890000331e+00 4.068191166376894152e+00 8.722226202537424200e-01 7.517024506708099629e+00
9.360095104213534967e-01 4.536000000000000476e+00 3.643599999999999994e+01 9.083999999999999631e+00 3.925196158064560681e+00 0.000000000000000000e+00 2.359223692100000491e+00 3.745619814104311551e+00 7.961247320133710836e-01 7.328592252311536548e+00
7.984370000944762680e-01 4.540000000000000036e+00 3.514000000000000057e+01 8.759999999999999787e+00 3.826164776000000600e+00 2.617231922709598035e-02 2.109470769000000079e+00 3.517090039459061845e+00 7.097625732023439271e-01 6.985960989586003755e+00
6.415874645331693937e-01 3.776000000000000689e+00 3.643599999999999994e+01 9.083999999999999631e+00 4.015580810110439103e+00 0.000000000000000000e+00 2.110856410000000238e+00 3.463842839893579661e+00 4.686328815412932891e-01 7.962589127515797394e+00
4.823602587506398143e-01 4.346000000000000085e+00 3.652600000000000335e+01 9.083999999999999631e+00 4.172164471627234583e+00 -9.545887560908296776e-05 2.430835644555019659e+00 4.076022077111878694e+00 4.359931987009761367e-01 8.955039730439589007e+00
3.666981073440624961e-01 4.216000000000000192e+00 3.652600000000000335e+01 9.083999999999999631e+00 3.826164776000000600e+00 6.633345228266250837e-01 2.944264190388702129e+00 4.953736999078078185e+00 5.683531157101119335e-01 9.495767515020805405e+00
5.344133401528925464e-01 5.966000000000000192e+00 3.652600000000000335e+01 9.083999999999999631e+00 3.777275649600000840e+00 8.130684884054804051e-01 2.844128644081437507e+00 4.820262576635095719e+00 8.516450080564004210e-01 1.139606105905135891e+01
6.999809998586828952e-01 6.626000000000000334e+00 3.662599999999999767e+01 9.083999999999999631e+00 3.826164776000000600e+00 4.361625859964640139e-01 2.733502924639364284e+00 4.610399780165831629e+00 1.017387872193848519e+00 1.049917285173611781e+01
8.053399136399616021e-01 5.600000000000000533e+00 3.360000000000000142e+01 8.400000000000000355e+00 3.826164776000000600e+00 0.000000000000000000e+00 1.897000000000000242e+00 3.262157273292541682e+00 7.307700849669698240e-01 7.517630974341753536e+00
9.917160227334205214e-01 4.082400000000000695e+00 3.779240000000000066e+01 9.375600000000000378e+00 3.925196158064560681e+00 0.000000000000000000e+00 2.626410985409338927e+00 3.966798367003064207e+00 8.657990220993865282e-01 7.438897585532651568e+00
7.840431470348160348e-01 3.985999999999999766e+00 3.662599999999999767e+01 9.083999999999999631e+00 3.826164776000000600e+00 2.617231922709598035e-02 2.322984753021487325e+00 3.643990294855379730e+00 6.088180866104887512e-01 8.140252382862200875e+00
8.053399136399616021e-01 5.600000000000000533e+00 3.360000000000000142e+01 8.400000000000000355e+00 4.016179425198834529e+00 0.000000000000000000e+00 1.897000000000000242e+00 3.262157273292541682e+00 7.439930350536666515e-01 7.615004671827387384e+00
8.053399136399616021e-01 5.600000000000000533e+00 3.360000000000000142e+01 8.400000000000000355e+00 4.175186821559932149e+00 -1.434307246172205838e-04 1.897000000000000242e+00 3.262157273292541682e+00 7.441043489503172959e-01 7.601090660193835724e+00
8.053399136399616021e-01 5.600000000000000533e+00 3.360000000000000142e+01 8.400000000000000355e+00 4.771917292576278058e+00 0.000000000000000000e+00 1.897000000000000242e+00 3.262157273292541682e+00 7.424516581410542937e-01 7.580355706823644901e+00
1.796981793968633889e-01 6.194399999999999906e+00 3.797340000000000515e+01 9.375600000000000378e+00 3.826164776000000600e+00 8.214711794609437234e-01 3.434182666160608299e+00 5.551390368384916840e+00 4.292964741720347588e-01 1.273220493105391604e+01
4.160334861171111620e-01 5.169400000000000439e+00 3.797340000000000515e+01 9.375600000000000378e+00 3.777275649600000840e+00 8.130684884054804051e-01 3.288497566751029666e+00 5.362986218531919924e+00 8.582730297804402886e-01 1.141976280455791226e+01
6.468566885395566901e-01 5.963400000000000034e+00 3.806340000000000146e+01 9.375600000000000378e+00 3.924851821345372471e+00 5.459486430623852193e-01 3.128426807543585486e+00 5.185155655109737083e+00 1.103013922632544386e+00 1.115039147224700500e+01
8.735764923544078187e-01 6.056000000000000938e+00 3.662599999999999767e+01 9.083999999999999631e+00 3.992065800592830449e+00 0.000000000000000000e+00 2.611292123789405117e+00 4.631656487181365023e+00 1.059346235170885997e+00 8.928157740013132226e+00
1.043385864602166535e+00 6.474160000000001247e+00 3.911316000000000059e+01 9.638040000000000163e+00 3.925196158064560681e+00 0.000000000000000000e+00 2.901629734398620375e+00 4.258768894629409552e+00 9.088425151999902640e-01 9.370870903705123212e+00
7.854058333013878013e-01 3.187399999999999789e+00 3.806340000000000146e+01 9.375600000000000378e+00 3.826164776000000600e+00 2.617231922709598035e-02 2.551386277719338569e+00 3.948235891510436524e+00 5.054927893121491378e-01 6.134864248769782868e+00
5.672021794939481332e-01 2.898400000000000531e+00 3.779240000000000066e+01 9.375600000000000378e+00 4.642043068780134618e+00 -2.032149386032465672e-04 2.236829098801652815e+00 3.547748097813322232e+00 2.603385823662115461e-01 9.015360908051622602e+00
3.502666164711607522e-01 3.511400000000000077e+00 3.787340000000000373e+01 9.375600000000000378e+00 4.172164471627234583e+00 -9.545887560908296776e-05 2.628678708294233335e+00 4.206307901776846769e+00 2.115703388354700787e-01 1.101127604189022513e+01
1.139824424438420913e-02 5.574959999999999916e+00 3.927606000000000108e+01 9.638040000000000163e+00 3.826164776000000600e+00 9.789808740118387531e-01 3.885459325101500383e+00 6.148795953332585107e+00 3.257088286424034695e-01 1.250005869583894658e+01
3.069349828384317913e-01 4.852460000000000662e+00 3.927606000000000108e+01 9.638040000000000163e+00 3.775787553591242851e+00 1.362077608533348805e+00 3.694992198841974052e+00 5.965693303214925969e+00 8.703943734788414099e-01 1.148406793814423210e+01
8.874615751194193658e-01 5.850400000000000489e+00 3.806340000000000146e+01 9.375600000000000378e+00 4.069521501201625924e+00 0.000000000000000000e+00 2.955790678788868142e+00 5.234847315471216511e+00 1.136464479402992112e+00 8.935203747231144078e+00
1.088354741496152300e+00 5.526744000000000767e+00 4.030184400000000267e+01 9.874235999999999791e+00 3.925196158064560681e+00 0.000000000000000000e+00 3.141035060996999473e+00 4.456626141017353326e+00 9.318979074150914865e-01 9.113341995333247070e+00
7.728264238503316230e-01 2.668659999999999588e+00 3.935706000000000415e+01 9.638040000000000163e+00 3.826164776000000600e+00 2.617231922709598035e-02 2.745197024681902409e+00 4.166192970037603693e+00 4.150053676967458416e-01 6.634413781023745571e+00
4.859382689383830445e-01 2.508560000000000567e+00 3.911316000000000059e+01 9.638040000000000163e+00 4.642043068780134618e+00 -2.032149386032465672e-04 2.376014059750910956e+00 3.683134088433063447e+00 1.237710550119748287e-01 9.555873304629352916e+00
2.063273188841641403e-01 3.360260000000000247e+00 3.918606000000000478e+01 9.638040000000000163e+00 4.172164471627234583e+00 -9.545887560908296776e-05 2.689360484285753916e+00 4.320157289068808915e+00 7.950251524500713540e-02 1.157327110183596908e+01
5.765211127803534508e-01 4.640000000000000568e+00 3.534000000000000341e+01 8.759999999999999787e+00 5.110453718338238360e+00 0.000000000000000000e+00 2.113448993046803004e+00 3.473606572416189309e+00 4.801046117522682621e-01 7.444124038806493537e+00
-1.400716973928470555e-01 5.217463999999999658e+00 4.044845399999999813e+01 9.874235999999999791e+00 3.825782924372739480e+00 1.506055444070522720e+00 4.267496734798774227e+00 6.792726771346663028e+00 2.155477026366045545e-01 1.334667967233276364e+01
8.053399136399616021e-01 5.600000000000000533e+00 3.360000000000000142e+01 8.400000000000000355e+00 3.439678224760366110e+00 1.321709084661106370e+00 1.897000000000000242e+00 3.262157273292541682e+00 7.373442701884551642e-01 7.578765772347956009e+00
8.132654810440373971e-01 5.040000000000000924e+00 3.534000000000000341e+01 8.759999999999999787e+00 3.826164776000000600e+00 0.000000000000000000e+00 2.317637972631287013e+00 3.968603380323935337e+00 8.568440564865451581e-01 8.691617006051538752e+00
1.128826730700739578e+00 4.774069600000000690e+00 4.147165960000000240e+01 1.008681239999999946e+01 4.013899756605971092e+00 0.000000000000000000e+00 3.390153667539041127e+00 4.832577487058993704e+00 9.107150140690383200e-01 8.597777850826320289e+00
7.630389361322666986e-01 2.201793999999999585e+00 4.062135400000000374e+01 9.874235999999999791e+00 3.826164776000000600e+00 2.617231922709598035e-02 2.954866369319181452e+00 4.510244420021290779e+00 2.697997628933471725e-01 6.709420031009301510e+00
4.291632111758213464e-01 1.757704000000000377e+00 4.040184399999999698e+01 9.874235999999999791e+00 4.642043068780134618e+00 -2.032149386032465672e-04 2.538889216562442375e+00 3.956042816504733217e+00 -9.773615829539974986e-02 9.480523461752062175e+00
-2.763946448663551769e-01 4.695717600000000047e+00 4.160360860000000116e+01 1.008681239999999946e+01 3.825782924372739480e+00 1.645502036352090247e+00 4.505663545110643042e+00 7.297469184358289951e+00 2.017022133444586474e-01 1.208568348925645886e+01
8.053399136399616021e-01 5.600000000000000533e+00 3.360000000000000142e+01 8.400000000000000355e+00 3.826164776000000600e+00 0.000000000000000000e+00 1.897000000000000242e+00 3.262157273292541682e+00 7.373788344084878377e-01 7.578245222586025065e+00
1.165251520984867950e+00 4.296662640000000977e+00 4.252449364000000287e+01 1.027813115999999916e+01 4.012617219094259724e+00 6.610636307686650337e-01 3.499186993968948389e+00 5.031785415845251741e+00 9.548090304889385038e-01 5.975078824862136706e+00
7.521848894688274445e-01 1.181614599999999626e+00 4.175921860000000407e+01 1.008681239999999946e+01 3.826164776000000600e+00 2.617231922709598035e-02 3.013268654043507411e+00 4.632424643428180389e+00 2.398414531110296677e-01 5.208229244983034079e+00
-3.990852975925124890e-01 2.626145839999999954e+00 4.264324773999999962e+01 1.027813115999999916e+01 3.825782924372739480e+00 1.671783248385140253e+00 4.620634634522822637e+00 7.466579932513478290e+00 9.898579131783233342e-02 1.102452153351698882e+01
2.077236760290299689e-01 5.167214000000000418e+00 4.054845399999999955e+01 9.874235999999999791e+00 3.775787553591242851e+00 1.362110173301310123e+00 4.029530112534448705e+00 6.505539305873034195e+00 8.764280710811936936e-01 1.220333999027556082e+01
6.031354237867048163e-01 5.767059999999999853e+00 3.935706000000000415e+01 9.638040000000000163e+00 3.924851821345372471e+00 7.408513189513269426e-01 3.486762038667683861e+00 5.777078595380549686e+00 1.196976076551709234e+00 1.130278668077125914e+01
1.198033832240583685e+00 6.666996376000001057e+00 4.347204427600000542e+01 1.045031804399999942e+01 4.012617219094259724e+00 6.610636307686650337e-01 3.550595159976404069e+00 5.040210163188505454e+00 1.028055803711376948e+00 9.667301097933691523e+00
7.546880937748171592e-01 2.634531399999996415e-01 4.278329674000000438e+01 1.027813115999999916e+01 4.103070433540967343e+00 2.591370301082768224e-02 2.883850240196029535e+00 4.496724768469849920e+00 2.430413780034939020e-01 4.959609900397142113e+00
6.624240369019493979e-01 4.240000000000000213e+00 3.534000000000000341e+01 8.759999999999999787e+00 4.785746517169942038e+00 -6.011232839860005794e-04 1.997000000000000330e+00 3.362696003913879572e+00 4.533239841424533956e-01 6.622134106846958801e+00
3.670049035016396122e-01 5.776000000000000689e+00 3.700600000000000023e+01 9.083999999999999631e+00 5.374745389407529217e+00 0.000000000000000000e+00 2.116454223022805170e+00 3.580514086885034253e+00 2.649429414852665920e-01 8.459844074058182173e+00
-5.095068850460540144e-01 2.363531255999999914e+00 4.357892296600000037e+01 1.045031804399999942e+01 3.825782924372739480e+00 1.742916811869269722e+00 4.885170433297581383e+00 7.872741648543951420e+00 -5.269698334794507832e-02 1.066957997772388644e+01
1.225241153349300310e-01 5.050492600000000110e+00 4.169360859999999747e+01 1.008681239999999946e+01 3.775787553591242851e+00 1.362110173301310123e+00 4.278025946949556513e+00 6.982822933235160789e+00 8.377940023039437412e-01 1.192532788989044512e+01
7.943208183136497569e-01 4.636000000000001009e+00 3.700600000000000023e+01 9.083999999999999631e+00 3.925026211957978184e+00 1.379438378096951856e-01 2.623019535908979183e+00 4.668967911951460437e+00 9.554660743392423550e-01 7.587620954779244364e+00
1.227537912370727735e+00 6.000296738400001217e+00 4.432483984840000346e+01 1.060528623959999983e+01 4.012617219094259724e+00 6.610636307686650337e-01 3.682728074648008221e+00 5.197870104055616558e+00 1.012104726413999067e+00 8.131902542704988690e+00
1.244376372831248245e+00 5.800267064560000740e+00 4.509235586356000169e+01 1.074475761563999932e+01 4.012617219094259724e+00 6.610636307686650337e-01 3.782728074648008310e+00 5.554258196096632183e+00 1.185972267758269139e+00 8.559860850227137163e+00
7.451804582764179896e-01 3.710782599999964959e-02 4.370496706600000181e+01 1.045031804399999942e+01 4.191646861430944782e+00 2.591370301082768224e-02 3.062089863588890015e+00 4.599086061575986761e+00 1.736901515375320337e-01 3.944704728972135754e+00
3.806222938359918873e-01 1.181933600000000251e+00 4.156165959999999870e+01 1.008681239999999946e+01 4.677406425933623879e+00 7.077455083720171070e-01 2.388474275377160616e+00 3.712638208193930645e+00 -1.843614358120833630e-01 8.329097648065356907e+00
1.003029898034470263e-01 2.924234000000000222e+00 4.046745400000000359e+01 9.874235999999999791e+00 4.172164471627234583e+00 -9.545887560908296776e-05 2.752053357068461992e+00 4.459419010002771522e+00 -1.939390182403853413e-01 1.183277023031108932e+01
-6.088863137542415149e-01 2.127178130399999922e+00 4.442103066939999678e+01 1.060528623959999983e+01 3.825782924372739480e+00 1.786403339067818008e+00 5.215309582486395534e+00 8.379447758663969736e+00 -1.885749050747424077e-02 1.120120271684898228e+01
6.470842290230929272e-01 5.040000000000000924e+00 3.543999999999999773e+01 8.759999999999999787e+00 3.824639740787041386e+00 7.035079186707255960e-01 2.203486048803605435e+00 3.832082151416507099e+00 7.218651295701562498e-01 9.208433890855786785e+00
7.140680567607660123e-01 5.140000000000000568e+00 3.543999999999999773e+01 8.759999999999999787e+00 3.753777557665281428e+00 1.818940407439297413e+00 2.313907204213051738e+00 4.016612018124516403e+00 8.126370340901208911e-01 6.836165375940709943e+00
7.757366410684152225e-01 4.572400000000000908e+00 3.850540000000000163e+01 9.375600000000000378e+00 3.925026211957978184e+00 1.379438378096951856e-01 3.054876541856224481e+00 5.389860762402697070e+00 1.107768534541470729e+00 8.728843115933129226e+00
1.269246198902325817e+00 5.220240358104000222e+00 4.578312027720399868e+01 1.087028185407599956e+01 4.085643584402621542e+00 7.756297565326264465e-01 4.101473369634860866e+00 6.098437596088965407e+00 1.185261242988802977e+00 1.052783320101458742e+01
7.468501249137630138e-01 -4.666029566000003959e-01 4.453447035940000376e+01 1.060528623959999983e+01 4.191646861430944782e+00 2.591370301082768224e-02 3.217450422119934483e+00 4.855873394027407919e+00 1.139250574438199493e-01 6.170514553083322973e+00
3.384694490180309989e-01 1.063740240000000226e+00 4.260549363999999883e+01 1.027813115999999916e+01 4.982969925833447000e+00 7.072336189801908812e-01 2.524832183546290576e+00 3.940507378004941774e+00 -2.885302436013246208e-01 1.068671873358207947e+01
2.791512671447005101e-04 2.531810600000000022e+00 4.162070860000000039e+01 1.008681239999999946e+01 4.172164471627234583e+00 -9.545887560908296776e-05 2.724883835456463288e+00 4.373861235265293246e+00 -3.162399638123055690e-01 1.425996818905865737e+01
2.040066616155578327e-01 4.698400000000000354e+00 3.850540000000000163e+01 9.375600000000000378e+00 5.774674468246900894e+00 0.000000000000000000e+00 2.201934034990457700e+00 3.678498177304546868e+00 1.188621869490426863e-01 8.864824877781082080e+00
-6.983277995916101766e-01 4.414460317359999664e+00 4.517892760245999995e+01 1.074475761563999932e+01 3.825409188173435560e+00 2.369385058568838964e+00 5.513722094638819904e+00 8.761006766374499932e+00 -1.481622862630109505e-01 1.537152424983841392e+01
5.072107475143872168e-01 5.336000000000001187e+00 3.709599999999999653e+01 9.083999999999999631e+00 3.824639740787041386e+00 7.035079186707255960e-01 2.758591454937719512e+00 4.671087157536542023e+00 6.830499917309811320e-01 1.051438094073541940e+01
6.431725780139846416e-01 5.326000000000000512e+00 3.709599999999999653e+01 9.083999999999999631e+00 3.376893499831166601e+00 1.987672416010488607e+00 2.807310860427684851e+00 4.787825819133376903e+00 8.455742465313740297e-01 7.841754128209811547e+00
7.774186510023318730e-01 4.915160000000001084e+00 3.985486000000000217e+01 9.638040000000000163e+00 3.925026211957978184e+00 1.379438378096951856e-01 3.409661789023241685e+00 5.969525962401598385e+00 1.132358692275504453e+00 9.188172742408633908e+00
1.291629042366295721e+00 5.098216322293600555e+00 4.650480824948360237e+01 1.098325366866840014e+01 4.151194198707316652e+00 7.924136404473137718e-01 4.268279552289476975e+00 6.191366112220585194e+00 1.115562073118197439e+00 9.943185776521680452e+00
7.468188440994879551e-01 -9.199426609400004340e-01 4.538102332346000622e+01 1.074475761563999932e+01 4.191646861430944782e+00 2.591370301082768224e-02 3.389904285904498771e+00 5.008723451634973678e+00 -1.534819878272017032e-02 5.744257074629845583e+00
7.360551147204601463e-01 4.640000000000000568e+00 3.534000000000000341e+01 8.759999999999999787e+00 4.743120807931163974e+00 -4.155833825683864975e-04 2.087000000000000188e+00 3.512711596488952814e+00 5.109661463664093572e-01 6.327422320217586105e+00
5.634567097368607946e-01 3.016000000000000014e+00 3.700600000000000023e+01 9.083999999999999631e+00 4.785746517169942038e+00 -6.011232839860005794e-04 2.108945422302280992e+00 3.471617418686824941e+00 2.798768984913753144e-01 6.288966793795964350e+00
3.174189745332356427e-02 5.628560000000000230e+00 3.995486000000000359e+01 9.638040000000000163e+00 5.936384192725099318e+00 0.000000000000000000e+00 2.233869843942731137e+00 3.588778362334900329e+00 -9.295728939354390430e-02 1.105586429162085338e+01
-7.788251368452420165e-01 3.973014285623999609e+00 4.596103484221399782e+01 1.087028185407599956e+01 3.825409188173435560e+00 2.399547060793476572e+00 5.793865664029175022e+00 9.070040102775395852e+00 -2.293497606947815515e-01 1.581740955888739997e+01
7.243351103359120524e-02 5.345443340000000099e+00 4.272424773999999559e+01 1.027813115999999916e+01 3.775787553591242851e+00 1.362110173301310123e+00 4.601196611198020037e+00 7.539529898795619189e+00 9.468647662230541551e-01 1.346586956290381565e+01
5.903752858324892161e-01 5.890354000000000312e+00 4.062135400000000374e+01 9.874235999999999791e+00 4.013266696616389240e+00 8.013352486022693455e-01 3.712064974002999840e+00 6.190234467557468534e+00 1.230320358824015248e+00 1.107748093780510246e+01
7.809777676600376806e-01 5.123644000000000531e+00 4.116937400000000480e+01 9.874235999999999791e+00 3.925026211957978184e+00 1.379438378096951856e-01 3.727194658227806823e+00 6.569876708205691251e+00 1.198188838251543320e+00 1.009908390838961267e+01
1.313307582271754148e+00 5.388394690064240322e+00 4.715432742453523929e+01 1.108492830180155941e+01 4.151194198707316652e+00 7.924136404473137718e-01 4.414580766598300343e+00 6.418763668460469418e+00 1.113655929581387927e+00 1.018290038164983002e+01
7.565059030232493820e-01 -1.027948394846000424e+00 4.614292099111400347e+01 1.087028185407599956e+01 4.191646861430944782e+00 2.591370301082768224e-02 3.538947331401522955e+00 5.194115292017035479e+00 -6.510613092937439506e-02 5.502324409534987026e+00
4.421725187426825410e-01 2.614399999999999835e+00 3.860540000000000305e+01 9.375600000000000378e+00 4.785746517169942038e+00 -6.011232839860005794e-04 2.216795281660637773e+00 3.625460427475951430e+00 4.802284747090223432e-02 6.918903430088631623e+00
-1.156264863532590892e-01 4.965704000000000562e+00 4.125937400000000110e+01 9.874235999999999791e+00 6.006019669043116238e+00 0.000000000000000000e+00 2.222987675112472861e+00 3.427628150681222063e+00 -2.959821841849066271e-01 1.145818200966866662e+01
-8.512727403735106391e-01 3.575712857061599692e+00 4.666493135799260017e+01 1.098325366866840014e+01 3.825409188173435560e+00 2.485827178656803138e+00 6.029982125766969681e+00 9.289737463419630359e+00 -2.938473645976936166e-01 1.598525499499800873e+01
7.629668390351507234e-04 5.610899006000000355e+00 4.375182296599999887e+01 1.045031804399999942e+01 3.775787553591242851e+00 1.362110173301310123e+00 4.884955907887919224e+00 7.912405966910557531e+00 9.227097247272170177e-01 1.402553915523336059e+01
5.824346087176526243e-01 5.493400000000000283e+00 3.868639999999999901e+01 9.375600000000000378e+00 3.376893499831166601e+00 2.003325289413092847e+00 3.253325535571349292e+00 5.471602947554978336e+00 9.241663265658062176e-01 9.306543682060215872e+00
7.872489342277442237e-01 5.011279600000000833e+00 4.235243660000000432e+01 1.008681239999999946e+01 4.013679587341687949e+00 1.379438378096951856e-01 3.951035138263817359e+00 6.840933601423215826e+00 1.227711423927471568e+00 9.361828510278817461e+00
1.331284287398781130e+00 5.049555221057816290e+00 4.773889468208171394e+01 1.117643547162140294e+01 4.151194198707316652e+00 8.177538069088617911e-01 4.475805065708258645e+00 6.354673155378227634e+00 1.072172971300933808e+00 8.900269140638242149e+00
7.386352557312836353e-01 -1.325153555361400448e+00 4.682862889200260526e+01 1.098325366866840014e+01 4.191646861430944782e+00 2.591370301082768224e-02 3.593155823212228928e+00 5.106520216782760357e+00 -1.543716861760582870e-01 5.005122724797412381e+00
3.025771963990470659e-01 1.573662160000002253e-01 4.364494427599999682e+01 1.045031804399999942e+01 5.795764928949679096e+00 7.057809958764759140e-01 2.682294058703988959e+00 4.108248608405437707e+00 -5.072712638973736476e-01 1.034421125059374091e+01
3.677869780399966593e-01 1.552959999999999896e+00 4.004485999999999990e+01 9.638040000000000163e+00 4.785746517169942038e+00 -6.011232839860005794e-04 2.312821611421520540e+00 3.634237188335172952e+00 -1.370141476654946622e-01 6.482254425489895944e+00
-2.232030122437179964e-01 4.069133600000000683e+00 4.253343660000000170e+01 1.008681239999999946e+01 6.149377787280875474e+00 0.000000000000000000e+00 2.240382840896534056e+00 3.264465670706679923e+00 -4.599065508632051991e-01 1.157945306968177590e+01
-9.164755835489524216e-01 3.218141571355439545e+00 4.739843822219334157e+01 1.108492830180155941e+01 3.825409188173435560e+00 2.452138158915114108e+00 6.296308718317312092e+00 9.489293391301384162e+00 -3.553265607432730122e-01 1.633991321229803262e+01
3.843925757323233272e-01 5.302400000000001334e+00 3.868639999999999901e+01 9.375600000000000378e+00 3.822936271906059780e+00 1.230738417434799725e+00 3.264876603116014131e+00 5.407060509466096399e+00 6.753877500475166107e-01 1.191409591714264238e+01
5.333950325732011999e-01 5.344060000000000699e+00 4.021775999999999840e+01 9.638040000000000163e+00 3.376893499831166601e+00 2.056363705370301442e+00 3.670209421801891470e+00 6.012382265925363178e+00 9.720232501641367096e-01 1.085032371717682942e+01
7.898250225629087629e-01 4.910151640000000484e+00 4.351719294000000104e+01 1.027813115999999916e+01 4.013679587341687949e+00 1.379438378096951856e-01 4.225605055998589599e+00 7.248641015593046077e+00 1.261451744414336718e+00 1.131540784816948175e+01
1.347974648942400711e+00 7.344599698952034572e+00 4.836500521387354468e+01 1.125879192445926336e+01 4.308946148252201347e+00 9.626176342215462256e-01 4.611463871253066671e+00 6.460677036268704931e+00 1.042854744743492157e+00 1.104955364529221384e+01
7.465840388453894860e-01 -1.692638199825260426e+00 4.754576600280234544e+01 1.108492830180155941e+01 4.191646861430944782e+00 2.591370301082768224e-02 3.730848856317131368e+00 5.173207426635488382e+00 -2.271530857703811246e-01 4.207365891907803856e+00
2.820346884157514111e-01 -6.583704055999998195e-01 4.468044984839999501e+01 1.060528623959999983e+01 6.083801780097650713e+00 7.051603874847998110e-01 2.825382069321462186e+00 4.110352491047887469e+00 -6.374839998495795967e-01 9.682217381661017086e+00
-7.593647632455662044e-02 1.478629540000000020e+00 4.275863773999999751e+01 1.027813115999999916e+01 4.172164471627234583e+00 -9.545887560908296776e-05 2.793124302252196767e+00 4.317432334828514406e+00 -5.837486527835138439e-01 1.467420546446203389e+01
-3.445655781513012883e-01 3.562220240000000704e+00 4.368009294000000153e+01 1.027813115999999916e+01 6.276236059000074086e+00 0.000000000000000000e+00 2.227968517860641651e+00 3.262525037138382711e+00 -6.576881288582486773e-01 1.238862944505545549e+01
-9.751581424068500592e-01 2.896327414219895591e+00 4.805859439997400528e+01 1.117643547162140294e+01 3.825409188173435560e+00 2.700827540390298154e+00 6.531446452821490389e+00 9.849855539637351498e+00 -4.398524897925542576e-01 1.707769542718873979e+01
2.702769326233993574e-01 5.572160000000001112e+00 4.021775999999999840e+01 9.638040000000000163e+00 3.822936271906059780e+00 1.230738417434799725e+00 3.751855432031912407e+00 6.117142518976420362e+00 6.448637931350637009e-01 1.329059129380496884e+01
4.821008370330619464e-01 5.609654000000000806e+00 4.159598400000000140e+01 9.874235999999999791e+00 3.519530967070029437e+00 2.171115786330136466e+00 4.055148918521124912e+00 6.541904490557407748e+00 9.960079646220977301e-01 1.199396487953428547e+01
7.875415597008998958e-01 5.119136476000000435e+00 4.456547364600000094e+01 1.045031804399999942e+01 4.013679587341687949e+00 1.379438378096951856e-01 4.480493870775883458e+00 7.524404602216574034e+00 1.268726626832790139e+00 1.183343363109852753e+01
1.362995974331658200e+00 7.410139729056830937e+00 4.892850469248619305e+01 1.133291273201333738e+01 4.444316245878338734e+00 1.088712535893215927e+00 4.740689352644006149e+00 6.446820244206318939e+00 9.967690293423239201e-01 1.099220472706159235e+01
7.496473282137230409e-01 -1.623374379842734472e+00 4.819118940252211303e+01 1.117643547162140294e+01 4.191646861430944782e+00 2.591370301082768224e-02 3.861167726188835303e+00 5.218163712054388448e+00 -3.150507067790235816e-01 4.045012369057319646e+00
2.579218350085379918e-01 -1.092533365039999982e+00 4.561240486355999479e+01 1.074475761563999932e+01 6.312470090060588568e+00 7.044592280836414755e-01 2.959677123289540468e+00 4.126886554210456914e+00 -7.953614051549110497e-01 8.998318850727727636e+00
-1.383946180055452557e-01 8.307665859999999736e-01 4.388277396599999491e+01 1.045031804399999942e+01 4.172164471627234583e+00 -9.545887560908296776e-05 2.834814114113313188e+00 4.286425549740444652e+00 -7.700893355178952682e-01 1.411693264443495544e+01
-4.563485221146023063e-01 3.105998216000000589e+00 4.471208364600000351e+01 1.045031804399999942e+01 6.299278832745643264e+00 0.000000000000000000e+00 2.206719783046604988e+00 3.264662027369897412e+00 -8.432874121867010020e-01 1.271575321152726445e+01
-1.027972445378957822e+00 2.606694672797905898e+00 4.865273495997660547e+01 1.125879192445926336e+01 3.825060248615220537e+00 3.221354308048187676e+00 6.755388805012632503e+00 1.021473275513218759e+01 -5.223621996513723165e-01 1.708486440693414110e+01
1.665501999667773347e-01 5.314944000000000557e+00 4.159598400000000140e+01 9.874235999999999791e+00 3.822936271906059780e+00 1.230738417434799725e+00 4.198412603443134827e+00 6.873649777868448218e+00 6.036565250549869033e-01 1.391877826022616915e+01
4.344020802590509711e-01 5.748688600000000370e+00 4.283638559999999984e+01 1.008681239999999946e+01 3.165813827123312052e+00 2.321774558461211502e+00 4.406513166034793372e+00 7.211416534180500548e+00 1.007946409229040441e+00 1.257223477951149349e+01
7.854864431250919710e-01 5.307222828400000481e+00 4.550892628140000085e+01 1.060528623959999983e+01 4.013679587341687949e+00 1.379438378096951856e-01 4.712526928873873366e+00 7.987682797222431574e+00 1.265232950152440861e+00 1.169983945854460039e+01
1.377537821040580424e+00 7.469125756151147932e+00 4.943565422323757730e+01 1.139962145881200328e+01 4.450278113286734616e+00 1.124138042378159730e+00 4.858482141434204316e+00 6.534383765469609529e+00 9.431571721860877444e-01 1.013640875491244664e+01
7.524042886452232404e-01 -1.861036941858461136e+00 4.877207046226990172e+01 1.125879192445926336e+01 4.191646861430944782e+00 2.591370301082768224e-02 3.978662116672963212e+00 5.371462600852096259e+00 -4.097705531086784370e-01 2.731758205355014013e+00
2.331523053662746259e-01 -1.383280028536000072e+00 4.645116437720399460e+01 1.087028185407599956e+01 6.328329126960754003e+00 7.036186443768341903e-01 3.079280957482937620e+00 4.289381255305912077e+00 -9.586050410231993224e-01 7.374009474760101490e+00
-2.002315417406823617e-01 6.476899273999999762e-01 4.489449656939999755e+01 1.060528623959999983e+01 4.172164471627234583e+00 -9.545887560908296776e-05 2.870469819792224264e+00 4.250015501486837266e+00 -9.815738311987464160e-01 1.216118731281689236e+01
-5.625777679038206358e-01 1.995398394400000663e+00 4.564087528139999961e+01 1.060528623959999983e+01 6.291641466656144210e+00 0.000000000000000000e+00 2.177111913024805112e+00 3.299754532916131744e+00 -1.018745111653297286e+00 1.069321705268754918e+01
-1.075505318053854964e+00 2.346025205518115442e+00 4.918746146397894847e+01 1.133291273201333738e+01 3.824747147120663548e+00 3.844511819034271305e+00 6.967682258660254035e+00 1.061646465322465893e+01 -5.979725398081985333e-01 1.574374605526804949e+01
7.524144829299839188e-02 4.383449600000000501e+00 4.283638559999999984e+01 1.008681239999999946e+01 3.822936271906059780e+00 1.230738417434799725e+00 4.607291574337104123e+00 7.493015543303285675e+00 5.643279131309099084e-01 1.282669006564268877e+01
3.930071799503267460e-01 5.173819740000000778e+00 4.395274703999999844e+01 1.027813115999999916e+01 2.847466703678703581e+00 2.285861944544923752e+00 4.726589737851242923e+00 7.685826766544238353e+00 1.014611389798645513e+00 1.214132226247203761e+01
7.815915304896839944e-01 5.176500545560000610e+00 4.635803365326000147e+01 1.074475761563999932e+01 4.013679587341687949e+00 1.379438378096951856e-01 4.923054923910030745e+00 8.343655263699179869e+00 1.255257323563028882e+00 1.150590743688784556e+01
1.389602829220019986e+00 6.722213180536033228e+00 4.989208880091381815e+01 1.145965931293080331e+01 4.420269636584241546e+00 1.210090523446613275e+00 4.965073778967675544e+00 6.672442569409694713e+00 8.906117988024292442e-01 9.633605908282236285e+00
7.538628991749829478e-01 -2.074933247672615000e+00 4.929486341604291511e+01 1.133291273201333738e+01 4.191646861430944782e+00 2.591370301082768224e-02 4.083743938905846527e+00 5.490352696362871043e+00 -4.975402318992696027e-01 3.755544505693318769e+00
2.113710556175328048e-01 -1.744952025682400043e+00 4.720604793948359656e+01 1.098325366866840014e+01 6.288450425439024549e+00 7.027370113513068395e-01 3.184858666540587802e+00 4.349867787823503029e+00 -1.106526822275550215e+00 8.651374002163938925e+00
-2.548621192437153238e-01 4.829209346599999675e-01 4.580504691245999993e+01 1.074475761563999932e+01 4.172164471627234583e+00 -9.545887560908296776e-05 2.899868511821915185e+00 4.178699232554097698e+00 -1.176158582310667056e+00 1.384734815204434177e+01
-6.581840891141170768e-01 3.295858554960000575e+00 4.647678775325999823e+01 1.074475761563999932e+01 6.258578749444806633e+00 0.000000000000000000e+00 2.139695277912945670e+00 3.271779508260090008e+00 -1.177770134613658426e+00 1.315748702636749634e+01
-1.118284903461262303e+00 2.111422684966303809e+00 4.966871531758105363e+01 1.139962145881200328e+01 3.824466278396404739e+00 4.257504233004473448e+00 7.168009543316499865e+00 1.095202068504196014e+01 -6.665264150698467782e-01 1.616213900224191136e+01
-3.357139708336162598e-03 4.045104640000000806e+00 4.395274703999999844e+01 1.027813115999999916e+01 3.822936271906059780e+00 1.230738417434799725e+00 4.981031966657726962e+00 8.051848431384467375e+00 5.286164108172524134e-01 1.386222953984864148e+01
3.577970773896557710e-01 5.056437766000001055e+00 4.495747233599999504e+01 1.045031804399999942e+01 2.560966259624757768e+00 2.375618482365915440e+00 5.017490377817031444e+00 8.222905446297119170e+00 1.014873568374573765e+00 1.359928430135831690e+01
7.806427437642928790e-01 4.658850491004000283e+00 4.712223028793400204e+01 1.087028185407599956e+01 4.013679587341687949e+00 1.379438378096951856e-01 5.113337280976596233e+00 8.719863353185708377e+00 1.236653304639436346e+00 1.303620287918487186e+01
1.401483990440105964e+00 9.249991862482429994e+00 5.030287992082243420e+01 1.151369338163772227e+01 4.361437339094300647e+00 1.311202929030768738e+00 5.060718747368566639e+00 6.871762754174720378e+00 8.292932675836014456e-01 1.196386714707170640e+01
7.521076870759954014e-01 -2.267439922905353455e+00 4.976537707443862502e+01 1.139962145881200328e+01 4.191646861430944782e+00 2.591370301082768224e-02 4.176830552691483511e+00 5.666762279064836427e+00 -5.943806615181553843e-01 3.503044996773541975e+00
1.871659884800082330e-01 -2.370456823114159839e+00 4.788544314553523407e+01 1.108492830180155941e+01 6.207517182011078383e+00 7.017890877921686421e-01 3.277053267676324655e+00 4.486653681726761711e+00 -1.254569490308532043e+00 8.378877017022718476e+00
-3.116995429358732084e-01 3.462884119399994853e-02 4.662454222121399994e+01 1.087028185407599956e+01 4.172164471627234583e+00 -9.545887560908296776e-05 2.922861419163697683e+00 4.197458779243577354e+00 -1.359335108549391657e+00 1.415807326250563314e+01
-1.156786530327928997e+00 1.900280416469673384e+00 5.010184378582295039e+01 1.145965931293080331e+01 3.824466278396404739e+00 4.207363299693659187e+00 7.348277790338695326e+00 1.132489038942169657e+01 -6.866709846967194997e-01 1.765616280167829544e+01
-7.511852276812767959e-02 4.040594176000000814e+00 4.495747233599999504e+01 1.045031804399999942e+01 3.822936271906059780e+00 1.230738417434799725e+00 5.313216416311141721e+00 8.710166977727109128e+00 5.466462801035719687e-01 1.609581167397731249e+01
3.276419658729375350e-01 4.950793989400001038e+00 4.586172510239999411e+01 1.060528623959999983e+01 2.559042534274738490e+00 2.834133007785679670e+00 5.271422165080902111e+00 8.791298411828865511e+00 1.076369319811603553e+00 1.597311782624459653e+01
7.843907780750978276e-01 4.592965441903600343e+00 4.781000725914060467e+01 1.098325366866840014e+01 4.013679587341687949e+00 1.379438378096951856e-01 5.273722944252058120e+00 9.124526872311813364e+00 1.292600938078508621e+00 1.563938695583592242e+01
1.412177035538183523e+00 1.172499267623418717e+01 5.067259192874018936e+01 1.156232404347395004e+01 4.279857569278520124e+00 1.292709922703970449e+00 5.133660432519970840e+00 7.020123056996014022e+00 8.560791573910153662e-01 1.497944078004412916e+01
1.417198833762796317e+00 1.105249340861076845e+01 5.100533273586616900e+01 1.160609163912655539e+01 4.279857569278520124e+00 1.292709922703970449e+00 5.233660432519970485e+00 7.517962507832195662e+00 1.023775577674175263e+00 1.540600073319715868e+01
7.556412654798587702e-01 -2.240695930614818199e+00 5.018883936699476322e+01 1.145965931293080331e+01 4.191646861430944782e+00 2.591370301082768224e-02 4.244975557823831736e+00 5.790761674128050096e+00 -5.452512420449000530e-01 3.469057356297541972e+00
1.745853127835499674e-01 -2.333411140802744033e+00 4.849689883098171350e+01 1.117643547162140294e+01 5.996583061513930168e+00 7.017890877921686421e-01 3.341634082825061913e+00 4.614275062144947093e+00 -1.225107865824437647e+00 8.085239596428985820e+00
-3.516040318143205945e-01 -6.883404292540004632e-02 4.736208799909260136e+01 1.098325366866840014e+01 4.172164471627234583e+00 -9.545887560908296776e-05 2.828905918131024322e+00 4.079188718177987560e+00 -1.335430858605956894e+00 1.343771042468037180e+01
-7.442297782033838738e-01 2.866272699464000429e+00 4.722910897793399698e+01 1.087028185407599956e+01 6.204140771473380056e+00 -4.612975546509090354e-09 2.087967172441627106e+00 3.280184291375843664e+00 -1.300831946625352398e+00 1.426796213821722681e+01
-1.191437994507928977e+00 1.510252374822706134e+00 5.049165940724065393e+01 1.151369338163772227e+01 3.824214901363411467e+00 4.463483458898661382e+00 7.579796906634578946e+00 1.168424496395822487e+01 -6.892377061049789200e-01 1.705667386747633785e+01
-1.427717290977113251e-01 3.636534758400000733e+00 4.586172510239999411e+01 1.060528623959999983e+01 3.822936271906059780e+00 1.230738417434799725e+00 5.685466698198515800e+00 9.275440690694159329e+00 5.859847995272209342e-01 1.606805658211062848e+01
2.938551154270533372e-01 4.555714590460000935e+00 4.667555259215999541e+01 1.074475761563999932e+01 2.301422761536735528e+00 2.679278204349579084e+00 5.578566283981345464e+00 9.353577054889834486e+00 1.169107330850889914e+00 1.616403120251694858e+01
7.749808357224419186e-01 4.533668897713240220e+00 4.842900653322654136e+01 1.108492830180155941e+01 4.013679587341687949e+00 1.379438378096951856e-01 5.503627434233532512e+00 9.584921470751728734e+00 1.399194213398383457e+00 1.604786716613295638e+01
1.424786413740719127e+00 9.947244067749691609e+00 5.130479946227955423e+01 1.164548247521389968e+01 4.206262510909053454e+00 1.349608213017382097e+00 5.360117726586512532e+00 7.616483303538160499e+00 9.111629562307741459e-01 1.507200146532215790e+01
7.583101591140406494e-01 -2.216626337553336157e+00 5.056995543029528761e+01 1.151369338163772227e+01 4.191646861430944782e+00 2.591370301082768224e-02 4.317669955636000090e+00 5.926567014245001097e+00 -6.237738441677626033e-01 5.310723036280077913e+00
1.581494353637853956e-01 -2.600070026722469674e+00 4.904720894788354002e+01 1.125879192445926336e+01 5.966851358573936892e+00 7.007968738617319504e-01 3.411665799838445867e+00 4.751355978319890205e+00 -1.351130001372901956e+00 1.009658496411432083e+01
-3.931426680271705720e-01 1.380493613671399666e-01 4.802587919918334336e+01 1.108492830180155941e+01 4.172164471627234583e+00 -9.545887560908296776e-05 2.864848607344681497e+00 4.157771511787553997e+00 -1.496784440191724075e+00 1.598267499283795168e+01
-8.216708983837239799e-01 4.679645429517600874e+00 4.790619808014059799e+01 1.098325366866840014e+01 6.132371951288083878e+00 -4.612975546509090354e-09 2.025445364449649954e+00 3.072125682305467897e+00 -1.409648274439341709e+00 1.673983343992907891e+01
-1.222624312269928959e+00 1.359227137340435432e+00 5.084249346651658641e+01 1.156232404347395004e+01 3.823989572625760225e+00 4.569579145632253869e+00 7.742324583581452480e+00 1.181753365292179048e+01 -7.387729027237300850e-01 1.787787107687029931e+01
-1.985463455013844747e-01 3.272881282560000660e+00 4.667555259215999541e+01 1.074475761563999932e+01 3.822936271906059780e+00 1.230738417434799725e+00 5.965423029076824868e+00 9.576918075561163590e+00 5.593552777845793855e-01 1.739745012266917712e+01
2.741848155409570831e-01 4.500143131414001019e+00 4.740799733294399232e+01 1.087028185407599956e+01 2.069607774428598113e+00 2.674836008501876083e+00 5.790395586536931205e+00 9.648112753983991041e+00 1.163502903713864001e+00 1.809850238908078879e+01
7.828743493424984434e-01 4.480302007941916465e+00 4.898610587990388865e+01 1.117643547162140294e+01 4.013679587341687949e+00 1.379438378096951856e-01 5.636208753711717812e+00 9.754513740005645417e+00 1.367776939447495232e+00 1.816527619264410021e+01
1.433149216508735169e+00 1.155251966097472227e+01 5.157431951605160236e+01 1.168093422769250900e+01 4.114298049685939596e+00 1.437289128251413306e+00 5.412264715745275900e+00 7.529935860241098844e+00 8.280828458189611885e-01 1.781291674618131537e+01
7.555988940918521024e-01 -2.394963703798002719e+00 5.091295988726575672e+01 1.156232404347395004e+01 4.191646861430944782e+00 2.591370301082768224e-02 4.380327473695794893e+00 5.903394311872689926e+00 -7.211755299950535214e-01 6.569687454729672638e+00
1.372212225344547065e-01 -3.140063024050222751e+00 4.954248805309518389e+01 1.133291273201333738e+01 5.859005412080903419e+00 6.997942339051457239e-01 3.470841281660168143e+00 4.777551789652881631e+00 -1.487766424068060367e+00 1.152892197814323616e+01
-4.361520368409829151e-01 -2.757555747695740744e-01 4.872329127926501258e+01 1.117643547162140294e+01 4.172164471627234583e+00 -9.545887560908296776e-05 2.880245497423679968e+00 4.107030890032340231e+00 -1.658536980694350849e+00 1.816914709774517078e+01
-8.913679065460300421e-01 6.611680886565840964e+00 4.861557827212654104e+01 1.108492830180155941e+01 6.047395716264952981e+00 -4.612975546509090354e-09 1.958098367796596850e+00 2.964538675497075282e+00 -1.531946027394044174e+00 1.990301984107188815e+01
-1.250691998255728965e+00 1.223304423606391911e+00 5.125824411986492635e+01 1.160609163912655539e+01 3.823787666966551591e+00 4.791540747836089409e+00 7.892544072239132014e+00 1.203933983227973847e+01 -7.972483776295643532e-01 1.828488224990473299e+01
-2.533454426283472394e-01 3.445593154304000372e+00 4.750799733294399374e+01 1.087028185407599956e+01 3.822936271906059780e+00 1.230738417434799725e+00 6.218655966974759863e+00 1.004372703922139287e+01 5.190444629534571863e-01 1.817414013506422421e+01
2.477889878454518080e-01 4.450128818272601094e+00 4.816719759964959025e+01 1.098325366866840014e+01 1.861006261757699454e+00 2.728437298115167220e+00 5.980101900039071161e+00 1.006272199840139159e+01 1.146480704017454944e+00 1.864555288471012773e+01
7.812859538025306305e-01 4.332271807147725085e+00 4.958749529191349836e+01 1.125879192445926336e+01 4.013679587341687949e+00 1.379438378096951856e-01 5.753014305694675201e+00 1.003081157529460299e+01 1.338710901791601016e+00 1.871710436388149290e+01
1.440675738999949829e+00 1.359726769487724951e+01 5.191688756444644071e+01 1.171284080492325863e+01 4.008374948507358759e+00 1.534178307296789612e+00 5.455820222167053757e+00 7.557807708899715315e+00 7.756095327934695582e-01 1.855548215138360746e+01
7.577606979355393513e-01 -3.255467333418202713e+00 5.132166389853917821e+01 1.160609163912655539e+01 4.191646861430944782e+00 2.591370301082768224e-02 4.432271063281046253e+00 6.035367996651171296e+00 -7.890481624958711748e-01 4.905290539004391270e+00
1.250330810688948802e-01 -3.826056721645200387e+00 5.008823924778566550e+01 1.139962145881200328e+01 5.733572287812930490e+00 6.987195392169996966e-01 3.518499291425517317e+00 4.853361038840136032e+00 -1.591626524683472432e+00 1.051080354244606418e+01
-4.671905648339858552e-01 -1.048180017292616784e+00 4.935096215133851416e+01 1.125879192445926336e+01 4.172164471627234583e+00 -9.545887560908296776e-05 2.887709484300344354e+00 4.145965673501461168e+00 -1.789523996576054765e+00 1.759244728405189662e+01
-9.540952138921054981e-01 5.150512797909256868e+00 4.925402044491388409e+01 1.117643547162140294e+01 5.952147392027160144e+00 -4.612975546509090354e-09 1.886576552756313641e+00 2.962993990787103904e+00 -1.638022682852001477e+00 2.029545525033664433e+01
-1.276464242572244112e+00 1.100973981245752631e+00 5.163241970787843371e+01 1.164548247521389968e+01 3.823606822086261570e+00 5.103945906356353923e+00 8.030641874171772443e+00 1.236701670210166704e+01 -8.417651799656774569e-01 1.983531258849236778e+01
-2.980626876789568280e-01 3.901033838873600335e+00 4.825719759964959366e+01 1.098325366866840014e+01 3.822936271906059780e+00 1.230738417434799725e+00 6.446974425262623321e+00 1.050683581135065836e+01 4.942014175584554248e-01 2.032993611931769351e+01
2.311913199296300458e-01 5.105115936445341340e+00 4.885047783968462909e+01 1.108492830180155941e+01 1.673301619120485917e+00 2.727290922663449191e+00 6.149183972240663820e+00 1.045497669854552747e+01 1.137021427843429855e+00 2.038802219122657178e+01
7.900829364024639645e-01 4.899044626432952576e+00 5.012874576272214711e+01 1.133291273201333738e+01 4.013679587341687949e+00 1.379438378096951856e-01 5.855004118623599929e+00 1.027750583794784589e+01 1.307038876721238196e+00 1.965011472138007420e+01
1.446938282312747681e+00 1.503754092538952492e+01 5.222519880800179948e+01 1.174155672443093223e+01 3.892214477030820685e+00 1.622529004256995755e+00 5.491052690257816060e+00 7.613725802026623413e+00 7.044622921755391287e-01 1.868174877903865294e+01
1.448995282789199202e+00 1.393378683285057207e+01 5.250267892720162166e+01 1.176740105198783937e+01 3.892214477030820685e+00 1.622529004256995755e+00 5.591052690257815705e+00 8.086574217401379272e+00 8.688982684879085205e-01 1.893266730002128639e+01
7.586836675362674809e-01 -3.329920600076382353e+00 5.168949750868526394e+01 1.164548247521389968e+01 4.191646861430944782e+00 2.591370301082768224e-02 4.474034823258116411e+00 6.088292942047714540e+00 -8.511872256360881739e-01 2.848284715863403704e+00
1.084391575276436870e-01 -4.243451049480680304e+00 5.057941532300709753e+01 1.145965931293080331e+01 5.480439852013623714e+00 6.278459380597820605e-01 3.555322554939543522e+00 4.869489515643696365e+00 -1.683804551034771668e+00 7.896803126765531644e+00
-5.043291247550023559e-01 -1.343362015563355216e+00 4.991586593620466061e+01 1.133291273201333738e+01 4.172164471627234583e+00 -9.545887560908296776e-05 2.887600866774281627e+00 4.202608856418427408e+00 -1.894545198909511674e+00 1.477103552491117711e+01
-1.299147935527812603e+00 9.908765831211773234e-01 5.196917773709058963e+01 1.168093422769250900e+01 3.823606822086261570e+00 4.900995379609937252e+00 8.217926305199597437e+00 1.265759659559889272e+01 -8.099877154270742619e-01 1.984663162745383858e+01
-3.470007660225240542e-01 3.810930454986240168e+00 4.893147783968463216e+01 1.108492830180155941e+01 3.822936271906059780e+00 1.230738417434799725e+00 6.719920176283446622e+00 1.089089021378019595e+01 5.602677596312148900e-01 2.049024456538416672e+01
2.039815725023053361e-01 5.294604342800806940e+00 4.946543005571616902e+01 1.117643547162140294e+01 1.671534428092088964e+00 3.377710239817266480e+00 6.374433745932908124e+00 1.084197567110856042e+01 1.251749356085055442e+00 2.056949804092393208e+01
7.816377590049570223e-01 5.209140163789657052e+00 5.061587118644992955e+01 1.139962145881200328e+01 4.013679587341687949e+00 1.379438378096951856e-01 6.026857184239099219e+00 1.053309002828096119e+01 1.451270806001377034e+00 1.927873000851313279e+01
1.453403217864481789e+00 1.254040814956551486e+01 5.275241103448146163e+01 1.179066094678905507e+01 3.768912339797675148e+00 1.678110902906581270e+00 5.633857129836763455e+00 8.050516416648012097e+00 8.946273021823412108e-01 1.579660026776079995e+01
7.615596478941036862e-01 -3.396928540068744340e+00 5.202054775781673612e+01 1.168093422769250900e+01 4.191646861430944782e+00 2.591370301082768224e-02 4.512068644491385783e+00 6.130239060368176673e+00 -8.159705756274419075e-01 3.425927510191359993e+00
1.011745302799458152e-01 -4.219105944532612007e+00 5.102147379070638777e+01 1.151369338163772227e+01 5.431481712600365164e+00 6.267567653729531063e-01 3.588550386123017244e+00 4.915652115767311869e+00 -1.655188962095494709e+00 8.555438726601165556e+00
-5.254819823808321022e-01 -1.709025814007019806e+00 5.042427934258419242e+01 1.139962145881200328e+01 4.172164471627234583e+00 -9.545887560908296776e-05 2.696210110396531245e+00 4.048011590170321305e+00 -1.861887039427356338e+00 1.547627060930601495e+01
-1.010038463574278289e+00 2.235461518118330826e+00 4.982861840042249923e+01 1.125879192445926336e+01 5.751712843523337781e+00 -6.905069002363124894e-05 1.866474885405725148e+00 2.928216495855896273e+00 -1.689598205068150616e+00 1.739369832141379746e+01
-1.319563259187824134e+00 6.917889248090596244e-01 5.227225996338152925e+01 1.171284080492325863e+01 3.823445236020396543e+00 5.389006776305686586e+00 8.334258161383624852e+00 1.296415723822576460e+01 -8.580696139317063320e-01 2.146149769992669931e+01
-3.859317672387824194e-01 4.229837409487616107e+00 4.953833005571616610e+01 1.117643547162140294e+01 3.822936271906059780e+00 1.230738417434799725e+00 6.904511808589719024e+00 1.123482461572181634e+01 5.241329435931287861e-01 2.295183983562415975e+01
1.892080114743221464e-01 5.165143908520725802e+00 5.001888705014454928e+01 1.125879192445926336e+01 1.502862816422746661e+00 3.364904570990237875e+00 6.506811829645491763e+00 1.108808237094612181e+01 1.228373318008106674e+00 2.269656225508166614e+01
7.847749648624002816e-01 4.788226147410691524e+00 5.105428406780493589e+01 1.145965931293080331e+01 4.013679587341687949e+00 1.379438378096951856e-01 6.101452450774615066e+00 1.066546064442051112e+01 1.408249791735321166e+00 2.181342496471266301e+01
1.458904340220121609e+00 1.478636733460896302e+01 5.297716993103331617e+01 1.181159485211014903e+01 3.657824047829151493e+00 1.636198843916211398e+00 5.649296320920928594e+00 8.007002230560622991e+00 8.085534091754457142e-01 1.998091709635704305e+01
7.615913955696801407e-01 -3.557235686061869906e+00 5.231849298203506038e+01 1.171284080492325863e+01 4.191646861430944782e+00 2.591370301082768224e-02 4.542755355178835330e+00 6.162375493994010967e+00 -8.952229671416209733e-01 4.412273197006832959e+00
9.054575032265602119e-02 -3.997195350079350895e+00 5.141932641163575113e+01 1.156232404347395004e+01 5.315177222563328918e+00 6.255404530312319578e-01 3.614148760038890629e+00 4.897091139344495581e+00 -1.764398177126186296e+00 9.890028390277104009e+00
-5.542347659006878757e-01 -1.638123232606317758e+00 5.088185140832577247e+01 1.145965931293080331e+01 4.172164471627234583e+00 -9.545887560908296776e-05 2.720565928163399150e+00 4.082042883764499308e+00 -1.994084672548111614e+00 1.656524456178954807e+01
-1.060898715217528876e+00 4.011915366306498143e+00 5.034575656038025215e+01 1.133291273201333738e+01 5.650697829734548705e+00 -6.905069002363124894e-05 1.774029204112436808e+00 2.641611855909185458e+00 -1.775847879083983338e+00 1.848815368802179293e+01
-1.337937050481834644e+00 6.226100323281537063e-01 5.254503396704337348e+01 1.174155672443093223e+01 3.823300654742339155e+00 5.341960381981355255e+00 8.438926836102830009e+00 1.297106502671340955e+01 -9.064007207742507122e-01 2.024500777488154668e+01
-4.194356875455292899e-01 3.806853668538854318e+00 5.008449705014454878e+01 1.125879192445926336e+01 3.822936271906059780e+00 1.230738417434799725e+00 7.068559930810379477e+00 1.134723845614146853e+01 4.857690165326616905e-01 2.154641648964173228e+01
1.738664988319564286e-01 5.048629517668652866e+00 5.051699834513009080e+01 1.133291273201333738e+01 1.351094697123270905e+00 3.202876388952057507e+00 6.622165296440028825e+00 1.114385800776497248e+01 1.197590675109657443e+00 2.126978676797874357e+01
9.055827458301770605e-01 6.065360000000000085e+00 3.945705999999999847e+01 9.638040000000000163e+00 4.069521501201625924e+00 5.212365863519778653e-02 3.298521862897518808e+00 5.844392830666920169e+00 1.222754002759985914e+00 9.157093862160406772e+00
1.463855350340197425e+00 1.330773060114806583e+01 5.317945293792998740e+01 1.183043536689913466e+01 3.541006365367964204e+00 1.584128813414043879e+00 5.657424044832603194e+00 7.916727780262896808e+00 7.397684096941141707e-01 1.805462465034993613e+01
7.616199684776989720e-01 -3.601512117455683004e+00 5.258664368383155363e+01 1.174155672443093223e+01 4.191646861430944782e+00 2.591370301082768224e-02 4.563624044607595742e+00 6.122883851674458811e+00 -9.659079242545415278e-01 4.146688885645652078e+00
7.944586757320956649e-02 -4.397475815071415717e+00 5.177739377047217317e+01 1.160609163912655539e+01 5.067749664570313506e+00 6.255404530312319578e-01 3.629403592197507411e+00 4.872721785530083949e+00 -1.860740930876167099e+00 9.500924335851912872e+00
-5.790896172099676553e-01 -2.274310909345686138e+00 5.129366626749319380e+01 1.151369338163772227e+01 4.172164471627234583e+00 -9.545887560908296776e-05 2.725691611881361442e+00 4.021284170592227092e+00 -2.107421110601418235e+00 1.662863007353555034e+01
-1.106672941696454471e+00 5.310723829675848329e+00 5.081118090434222978e+01 1.139962145881200328e+01 5.548981967439901908e+00 -6.905069002363124894e-05 1.658926270108841639e+00 2.494486362134499924e+00 -1.863609044515367907e+00 1.974066495491266338e+01
-1.354473462646444082e+00 5.603490290953383468e-01 5.279053057033903684e+01 1.176740105198783937e+01 3.823171359633394939e+00 5.411033698859251118e+00 8.508149043222440255e+00 1.310110468428700692e+01 -9.481598625814147141e-01 1.993383077003451831e+01
-4.521458504680775925e-01 3.426168301684969109e+00 5.057604734513009248e+01 1.133291273201333738e+01 3.822936271906059780e+00 1.230738417434799725e+00 7.186625372642440723e+00 1.147999736069000143e+01 4.538304320304157868e-01 2.126683088990889914e+01
1.631270990295985712e-01 4.643766565901787935e+00 5.096529851061708172e+01 1.139962145881200328e+01 1.214554900476684240e+00 3.045179621022034322e+00 6.691837413405690604e+00 1.126306601176231403e+01 1.177822798467250021e+00 2.122068376573981396e+01
7.840191616290327348e-01 4.309403532669622727e+00 5.144885566102443875e+01 1.151369338163772227e+01 4.013679587341687949e+00 1.379438378096951856e-01 6.163551789309754447e+00 1.070085795584762423e+01 1.356377922095955535e+00 1.991188118897219539e+01
1.466777278660380102e+00 1.237695754103325996e+01 5.336150764413699221e+01 1.184739183020922049e+01 3.420755582586450405e+00 1.523490398901168330e+00 5.657097210197734150e+00 7.822820046609289868e+00 6.714810011330992756e-01 1.850817167285611120e+01
7.601117033070302620e-01 -3.641360905710114615e+00 5.282797931544839543e+01 1.176740105198783937e+01 4.191646861430944782e+00 2.591370301082768224e-02 4.573683117260518571e+00 6.138358566804300587e+00 -1.035467214029523353e+00 6.308492254411335765e+00
6.741066538152690191e-02 -3.957728233564274056e+00 5.209965439342495586e+01 1.164548247521389968e+01 5.034401574114579780e+00 6.243451978892486931e-01 3.633271500968542789e+00 4.866488897370786937e+00 -1.950894170380040871e+00 1.212513440333193238e+01
-6.029929641762050707e-01 -1.846879818411117480e+00 5.166429964074387726e+01 1.156232404347395004e+01 4.172164471627234583e+00 -9.545887560908296776e-05 2.719290619439862056e+00 3.928795296705255513e+00 -2.208108738850046660e+00 1.902514977106773841e+01
-1.369356233594592576e+00 5.043141261858045121e-01 5.301147751330513103e+01 1.179066094678905507e+01 3.823171359633394939e+00 5.039985178877378402e+00 8.598271329930012641e+00 1.313548858017098730e+01 -9.440840575503801624e-01 1.947725034379459430e+01
-4.785170355225997763e-01 3.083551471516472020e+00 5.101844261061708607e+01 1.139962145881200328e+01 3.822936271906059780e+00 1.230738417434799725e+00 7.322486099048632013e+00 1.149823590653720196e+01 4.761931755268076216e-01 2.015022790061083313e+01
1.565296007832477632e-01 4.579389909311609053e+00 5.136876865955537141e+01 1.145965931293080331e+01 1.212998509467865249e+00 3.312811527250379307e+00 6.786659104883318250e+00 1.125485795103529441e+01 1.217444820809560069e+00 2.028525412915554682e+01
7.920314965170205390e-01 3.878463179402660277e+00 5.180397009492199345e+01 1.156232404347395004e+01 4.013679587341687949e+00 1.379438378096951856e-01 6.216496515851111404e+00 1.071179343401461281e+01 1.382200617206204241e+00 1.890159012119170612e+01
1.470940994936430268e+00 1.303926178692993432e+01 5.352535687972329015e+01 1.186265264718829826e+01 3.298881269631636748e+00 1.538188207768222293e+00 5.661086304033911887e+00 7.597851801660558735e+00 6.917196462374214372e-01 1.783480025756634646e+01
7.613108992999044755e-01 -3.677224815139103153e+00 5.304518138390355375e+01 1.179066094678905507e+01 4.191646861430944782e+00 2.591370301082768224e-02 4.587383676293740109e+00 6.033088589710963845e+00 -9.995403799329299899e-01 4.499024854519459993e+00
6.271490656055506152e-02 -4.361955410207846384e+00 5.238968895408245885e+01 1.168093422769250900e+01 4.912135693663182145e+00 6.232810082413330344e-01 3.641873412815674893e+00 4.863928948925327234e+00 -1.911904983941680847e+00 9.894673937973553990e+00
-6.147907647892096872e-01 -2.462191836570005954e+00 5.199786967666948811e+01 1.160609163912655539e+01 4.172164471627234583e+00 -9.545887560908296776e-05 2.513319287444764960e+00 3.512431433436617567e+00 -2.157959057516453338e+00 1.670290611470889530e+01
-1.147869745527487551e+00 7.279651446708263585e+00 5.123006281390800609e+01 1.145965931293080331e+01 5.340714225195993592e+00 -6.905069002363124894e-05 1.574143701134771645e+00 2.275983232216631791e+00 -1.924385505122040430e+00 2.182165047372583899e+01
-1.383262054377221384e+00 -1.946117286432776261e+00 5.321032976197462006e+01 1.181159485211014903e+01 3.823056035539390773e+00 5.383310985611484689e+00 8.674466909391114200e+00 1.308093018095911830e+01 -9.934314311852819879e-01 1.780721550795735553e+01
-5.063417175060314079e-01 3.475196324364824729e+00 5.141659834955537889e+01 1.145965931293080331e+01 3.822936271906059780e+00 1.230738417434799725e+00 7.437790657436675446e+00 1.145829788894513079e+01 4.325343188793617233e-01 2.185019921296863288e+01
5.446322574109158099e-01 6.101318599999999925e+00 4.185921860000000549e+01 1.008681239999999946e+01 4.092539032184893344e+00 1.071398293336587981e+00 4.015034374457891353e+00 6.627608345835445114e+00 1.253092651111179734e+00 1.140994987049079157e+01
7.874820785424196945e-01 4.890616861462394382e+00 5.212357308542979695e+01 1.160609163912655539e+01 4.013679587341687949e+00 1.379438378096951856e-01 6.253782800810956388e+00 1.055919286220817099e+01 1.336879348318416039e+00 1.986623925579072392e+01
1.473154358796989749e+00 1.273533560823694089e+01 5.367282119175096256e+01 1.187638738246946879e+01 3.189069367179807379e+00 1.538188207768222293e+00 5.653116644191205076e+00 7.287422492373188732e+00 6.388684730964269143e-01 1.732195697408813473e+01
7.649468103399673646e-01 -3.409502333625193060e+00 5.324066324551319696e+01 1.181159485211014903e+01 4.191646861430944782e+00 2.591370301082768224e-02 4.586717679550752713e+00 5.814194999798985464e+00 -1.052187245294437412e+00 4.865430336567246883e+00
5.848872362168040795e-02 -4.425759869187062101e+00 5.265072005867421012e+01 1.171284080492325863e+01 4.808231093378401155e+00 6.222429108826750266e-01 3.635079001265473231e+00 4.727242209548518481e+00 -1.987804488382762358e+00 9.824290475233555142e+00
-6.284767469166850917e-01 -2.315972652913005358e+00 5.229808270900254286e+01 1.164548247521389968e+01 4.172164471627234583e+00 -9.545887560908296776e-05 2.522020020379867944e+00 3.427300601214579689e+00 -2.251643672486299597e+00 1.653057392472230447e+01
-1.184946868975417233e+00 6.451686302037437315e+00 5.160705653251720548e+01 1.151369338163772227e+01 5.238903923910367411e+00 -6.905069002363124894e-05 1.451835485562441130e+00 1.973733545347560625e+00 -1.987174544054258973e+00 2.142829928764944114e+01
-1.395265966152292147e+00 -1.751505557789498679e+00 5.338929678577715521e+01 1.183043536689913466e+01 3.822953044717342319e+00 5.390303301660029689e+00 8.713473747770166256e+00 1.299798422135089027e+01 -1.022031500170759166e+00 1.855166164202433166e+01
-5.272933158567582046e-01 3.227676691928342390e+00 5.177493851459983887e+01 1.151369338163772227e+01 3.822936271906059780e+00 1.230738417434799725e+00 7.507428950297225789e+00 1.150760569652938869e+01 4.121119928031963808e-01 2.254064723128602665e+01
1.418992945635134117e-01 4.821450918380447703e+00 5.173189179359983569e+01 1.151369338163772227e+01 9.799755606689809495e-01 3.301257560508155553e+00 6.863200502443956630e+00 1.116990091466958823e+01 1.179506288700294947e+00 2.175940257234896436e+01
7.961707755976592527e-01 4.401555175316154589e+00 5.241121577688682009e+01 1.164548247521389968e+01 4.013679587341687949e+00 1.379438378096951856e-01 6.279000779559910761e+00 1.046089862829198047e+01 1.299806960285457391e+00 2.173597231969795018e+01
1.476169040130083543e+00 1.476180204741324786e+01 5.380553907257586843e+01 1.188874864422252209e+01 3.077999073212716485e+00 1.618962250293996208e+00 5.636766193536682401e+00 7.067556602409724498e+00 5.768770374819079949e-01 2.026126507414009481e+01
7.636171879123669903e-01 -3.568552100262673665e+00 5.341659692096187939e+01 1.183043536689913466e+01 4.191646861430944782e+00 2.591370301082768224e-02 4.575928174894666967e+00 5.602702359294169376e+00 -1.118521304079452161e+00 5.641144791525888991e+00
5.008321661303629518e-02 -4.783183882268355447e+00 5.288564805280678627e+01 1.174155672443093223e+01 4.701392719722829128e+00 6.210080909027855256e-01 3.617717182568186196e+00 4.548199556453050185e+00 -2.070240280186072201e+00 1.097655418649024561e+01
2.665810871448000552e-01 9.976639999999998842e-01 4.144037399999999849e+01 9.874235999999999791e+00 4.881126966090915786e+00 -1.808693267268257328e-03 2.401749672916765110e+00 3.624432654193260994e+00 -4.292832924185387422e-01 7.138444637038521279e+00
-1.218316280078554081e+00 7.806517671833693939e+00 5.194635087926548778e+01 1.156232404347395004e+01 5.441449492631550200e+00 -6.905069002363124894e-05 1.357169139547301784e+00 2.006411829538558678e+00 -2.051270847293042099e+00 2.357004344959677056e+01
-1.406069486749855768e+00 -1.576355002010548789e+00 5.355036710719944182e+01 1.184739183020922049e+01 3.822953044717342319e+00 5.431855206965088279e+00 8.769603972815838588e+00 1.325359715326839272e+01 -1.046023266408035335e+00 1.890911802022669264e+01
-5.481950620895931214e-01 3.004909022735508195e+00 5.209744466313985356e+01 1.156232404347395004e+01 3.822936271906059780e+00 1.230738417434799725e+00 7.592689733400521668e+00 1.175699375646618172e+01 3.960695700195676627e-01 2.276848218319008765e+01
1.737287887437313216e-01 4.739305826542403288e+00 5.205870261423984857e+01 1.156232404347395004e+01 9.799755606689809495e-01 3.238928603520228933e+00 6.918404533431315784e+00 1.130393268439095955e+01 1.171462118309503975e+00 2.242860241401285748e+01
1.498883899859570379e+00 4.361399657784539308e+00 5.267009419919813951e+01 1.168093422769250900e+01 4.013679587341687949e+00 1.379438378096951856e-01 6.294138560977425634e+00 1.049461289635269345e+01 1.283115353747957155e+00 2.246367418768051394e+01
2.836966577537956002e+00 1.488562184267192379e+01 5.392498516531828301e+01 1.189987377980027006e+01 3.343734282717941042e+00 1.640232227675581189e+00 5.613834238003168053e+00 6.949976160149811122e+00 5.551142665879117422e-01 2.107842824988216179e+01
4.041231284033232285e+00 1.409705965840473141e+01 5.403248664878645258e+01 1.190988640182024305e+01 3.343734282717941042e+00 1.640232227675581189e+00 5.713834238003167698e+00 7.374566270928619716e+00 7.236766746310372422e-01 2.165410895767196919e+01
1.505378555993472478e+00 -3.411696890236406432e+00 5.357493722886569287e+01 1.184739183020922049e+01 4.191646861430944782e+00 2.591370301082768224e-02 4.557208004150986369e+00 5.456153421030151662e+00 -1.107375278670234664e+00 6.363344872832884747e+00
1.013208571742061914e-01 -4.504865494041520257e+00 5.309708324752610764e+01 1.176740105198783937e+01 5.056209056783152356e+00 5.579324062773162174e-01 3.592273769778149717e+00 4.400766734977980654e+00 -2.066698427054746379e+00 1.154968516311364191e+01
-6.443734193364795138e-01 -2.184375387621704689e+00 5.256827443810228573e+01 1.168093422769250900e+01 4.172164471627234583e+00 -9.545887560908296776e-05 2.515291219703505110e+00 3.333071144819327536e+00 -2.343662434374205628e+00 1.848443150533044488e+01
-2.768763710202798656e+00 -1.418719501809493799e+00 5.369533039647949835e+01 1.186265264718829826e+01 3.822953044717342319e+00 5.175010670284265757e+00 8.889510016530339342e+00 1.323148725822093397e+01 -9.917865168575356050e-01 1.961080013334500549e+01
-1.245026141944598042e+00 3.904418120461957464e+00 5.238770019682586820e+01 1.160609163912655539e+01 3.822936271906059780e+00 1.230738417434799725e+00 7.745575808573890164e+00 1.183799390972295917e+01 4.754960532376755755e-01 2.339745330060955553e+01
1.665824484552624607e-01 4.665375243888163048e+00 5.235283235281586656e+01 1.160609163912655539e+01 9.783973403550729753e-01 3.454426902354931439e+00 7.052087416953861876e+00 1.139832971360286606e+01 1.278478303960679296e+00 2.196260963951450051e+01
2.090419557351673063e+00 4.225259692006085643e+00 5.290308477927832342e+01 1.171284080492325863e+01 4.013679587341687949e+00 1.379438378096951856e-01 6.400926872941795409e+00 1.055181035049696625e+01 1.417790933150611554e+00 2.172041938692715846e+01
5.130182789171933599e+00 1.268735369256425827e+01 5.412923798390780661e+01 1.191889776163821857e+01 3.206072953289591076e+00 1.574451434695563812e+00 5.678223885037009921e+00 7.127565222902970454e+00 7.268176203263961854e-01 1.883376840868578483e+01
6.028426835109530479e+00 1.181861832330783280e+01 5.421631418551702808e+01 1.192700798547439689e+01 3.206072953289591076e+00 1.574451434695563812e+00 5.778223885037009566e+00 7.556425410433488032e+00 9.091222118881647773e-01 1.912203654228403238e+01
2.121831094336946055e+00 -3.470527201212765700e+00 5.371744350597912643e+01 1.186265264718829826e+01 4.191646861430944782e+00 2.591370301082768224e-02 4.553786151206985267e+00 5.352499310718126679e+00 -1.045960338382398769e+00 6.314035046694392861e+00
9.630204074973770789e-02 -4.454378944637368498e+00 5.328737492277349475e+01 1.179066094678905507e+01 4.859953223869902139e+00 5.579324062773162174e-01 3.584575514770685256e+00 4.319326765805865165e+00 -1.991917385178890720e+00 1.154846503383719636e+01
-4.350285682393621456e-01 1.097897599999999807e+00 4.279633659999999651e+01 1.008681239999999946e+01 4.881126966090915786e+00 -1.808693267268257328e-03 2.397475604222438328e+00 3.499037157103614515e+00 -6.271890804271524900e-01 8.530361030529377331e+00
-2.563992939147962336e+00 6.925865904650324367e+00 5.225171579133893829e+01 1.160609163912655539e+01 5.776176418566679516e+00 -1.302071654637220106e-04 1.329367664935621862e+00 1.785871741041988869e+00 -2.045509755813819996e+00 2.332412837871729394e+01
-4.000301780603399138e+00 -1.476847551628544419e+00 5.382579735683155064e+01 1.187638738246946879e+01 3.822953044717342319e+00 4.914072854459279327e+00 8.993286283695976380e+00 1.321913122755305103e+01 -9.700797026840304316e-01 1.996544558482513665e+01
-1.902853729571815311e+00 4.313976308415761629e+00 5.264893017714328494e+01 1.164548247521389968e+01 3.822936271906059780e+00 1.230738417434799725e+00 7.876875461864204730e+00 1.186213207522429336e+01 5.136962538522082955e-01 2.394158554662656613e+01
1.090180492661191047e-01 4.898837719499346655e+00 5.261754911753428132e+01 1.164548247521389968e+01 9.783973403550729753e-01 3.226336182172909073e+00 7.163919075234215228e+00 1.144621246489796640e+01 1.339973743085539182e+00 2.215015551005012640e+01
2.540989340407331376e+00 4.502733722805476901e+00 5.311277630135049321e+01 1.174155672443093223e+01 4.013679587341687949e+00 1.379438378096951856e-01 6.486424331476861482e+00 1.058662496531302111e+01 1.501009390808591970e+00 2.142327335434460878e+01
6.918658785140602063e+00 1.063675649097704934e+01 5.429468276696532314e+01 1.193430718692695791e+01 3.459488590568898569e+00 1.592597287523274119e+00 5.702617389874705012e+00 7.143317510555096561e+00 8.207093970839749453e-01 1.707357214620442321e+01
2.702204725310832778e+00 -3.223474481091489263e+00 5.384569915538121165e+01 1.187638738246946879e+01 4.191646861430944782e+00 2.591370301082768224e-02 4.534509352531780557e+00 5.320539611625457965e+00 -1.061850027705134591e+00 6.748886994062406330e+00
1.684841453619981277e-01 -4.408941050173631915e+00 5.345863743049614669e+01 1.181159485211014903e+01 5.148157210084276514e+00 5.568542490207764040e-01 3.559735809180046839e+00 4.310946426935283959e+00 -2.017537863915190410e+00 1.162074881601721543e+01
-1.336699932759747966e+00 -2.365937848859534398e+00 5.281144699429205502e+01 1.171284080492325863e+01 4.172164471627234583e+00 -9.545887560908296776e-05 2.357160738182229043e+00 2.988643602736299698e+00 -2.260514200015631303e+00 1.836064795018631557e+01
-5.103572774670987577e+00 -1.329162796465690022e+00 5.394321762114839203e+01 1.188874864422252209e+01 3.822953044717342319e+00 4.796239803449760863e+00 9.029056885306896874e+00 1.325430935730637039e+01 -9.723231454438614474e-01 2.122230527767536046e+01
-2.448879134799741841e+00 5.082578677574185022e+00 5.288403715942895644e+01 1.168093422769250900e+01 3.822936271906059780e+00 1.230738417434799725e+00 7.929555110524312944e+00 1.190279687194696479e+01 5.190122171935335205e-01 2.494726950823527289e+01
1.390223986831242986e-01 5.408953947549411723e+00 5.285579420578085319e+01 1.168093422769250900e+01 9.768149182209295844e-01 3.613225862569969582e+00 7.190558283371000670e+00 1.147311928585220819e+01 1.351389599373854278e+00 2.225789133732437008e+01
3.058994069602371191e+00 4.652460350524929567e+00 5.330149867121544105e+01 1.176740105198783937e+01 4.013679587341687949e+00 1.379438378096951856e-01 6.480189534268550489e+00 1.057581997188001743e+01 1.508056664471504105e+00 2.065081560757717227e+01
7.730094078754470743e+00 1.037308084187934476e+01 5.436521449026879083e+01 1.194087646823426141e+01 3.310097047425417660e+00 1.661597954033396274e+00 5.671668386487932700e+00 6.982959398404289253e+00 8.282758857837650979e-01 1.603708995407330917e+01
8.429706227249239348e+00 9.735772757691410817e+00 5.442869304124191387e+01 1.194678882141083598e+01 3.310097047425417660e+00 1.661597954033396274e+00 5.771668386487932345e+00 7.477220186368156440e+00 1.001138020511117777e+00 1.633513987232125331e+01
3.209201185308474535e+00 -3.401127032982340204e+00 5.396112923984308907e+01 1.188874864422252209e+01 4.191646861430944782e+00 2.591370301082768224e-02 4.518800241806803619e+00 5.281051611823990299e+00 -9.856798694083704904e-01 5.860459290132945753e+00
1.925418851694154221e-01 -4.368046945156268457e+00 5.361277368744653415e+01 1.183043536689913466e+01 4.846471851457163638e+00 5.001862821858912289e-01 3.539478302080265149e+00 4.228135547591557852e+00 -1.925743405274025211e+00 1.076812509868755896e+01
-1.015344565155586798e+00 5.881078399999998263e-01 4.401670293999999473e+01 1.027813115999999916e+01 4.881126966090915786e+00 -1.808693267268257328e-03 2.390664810293756659e+00 3.420958969226699953e+00 -8.256790999198642123e-01 9.438032261539806456e+00
-3.708629431502052043e+00 6.133279314185291931e+00 5.252654421220504588e+01 1.164548247521389968e+01 6.036855065396468767e+00 -1.848661653136272095e-04 1.228624439891887743e+00 1.638944883715777401e+00 -2.064902135333731348e+00 2.340251592870849251e+01
-6.101629938624769878e+00 -2.596246516819121108e+00 5.404889585903354998e+01 1.189987377980027006e+01 3.822953044717342319e+00 4.720368609618489586e+00 9.117700229066645790e+00 1.329044488966382254e+01 -9.341730029625847642e-01 1.958050175357285383e+01
-2.950528538090779751e+00 4.974320809816766165e+00 5.309563344348605796e+01 1.171284080492325863e+01 3.822936271906059780e+00 1.230738417434799725e+00 8.039103467455431584e+00 1.205251548245839288e+01 5.752742417880366554e-01 2.483647147812306955e+01
1.251201588148118660e-01 5.568058552794470373e+00 5.317021478520276645e+01 1.171284080492325863e+01 9.768149182209295844e-01 3.596761036562027058e+00 7.283278327422612719e+00 1.153054775411913546e+01 1.427012916635091999e+00 2.233112990534852926e+01
3.484292171534289828e+00 4.987214315472436432e+00 5.357134880409389410e+01 1.179066094678905507e+01 4.013679587341687949e+00 1.379438378096951856e-01 6.551030555337280958e+00 1.054447244923579952e+01 1.600534394832146212e+00 2.038029013258839228e+01
9.079810238066340133e+00 8.762195481922269380e+00 5.458582373711772107e+01 1.195210993926975185e+01 3.553553659454872449e+00 1.598735784394598625e+00 5.681812779214973297e+00 7.082567273702800925e+00 8.973294311565055414e-01 1.451579371595148338e+01
9.649564039922873704e+00 8.685975933730041731e+00 5.472724136340595180e+01 1.195689894534277720e+01 3.553553659454872449e+00 1.598735784394598625e+00 5.781812779214972942e+00 7.451338826742351706e+00 1.077951683777722769e+00 1.536794708828182543e+01
3.685951076478160449e+00 -3.161014329684106006e+00 5.416501631585877874e+01 1.189987377980027006e+01 4.191646861430944782e+00 2.591370301082768224e-02 4.494349563570812833e+00 5.238523656061050637e+00 -9.823877440483861356e-01 6.090655766540428395e+00
2.704398132185644732e-01 -4.431242250640641700e+00 5.385149631870188358e+01 1.184739183020922049e+01 5.014514475297332297e+00 4.491485439154360715e-01 3.510013319565445933e+00 4.140516675007087422e+00 -1.928951367574459397e+00 1.064011338638785276e+01
-1.929114179082976666e+00 -2.229344063973580869e+00 5.303030229486284952e+01 1.174155672443093223e+01 4.172164471627234583e+00 -9.545887560908296776e-05 2.201223673747779941e+00 2.722301221584372932e+00 -2.165525101391844842e+00 1.730330100979025687e+01
-4.733689005327780919e+00 5.419951382766762471e+00 5.287388979098454200e+01 1.168093422769250900e+01 5.793070289704254527e+00 -2.338638340905690538e-04 1.176887374123986696e+00 1.351573423226973825e+00 -2.064856529766527782e+00 2.346888357364418809e+01
-6.994768116890221599e+00 -2.336621865137209042e+00 5.424400627313019640e+01 1.190988640182024305e+01 3.822861778926335052e+00 4.918810925584439886e+00 9.196728427090297586e+00 1.315324825397801334e+01 -9.148706488301330264e-01 2.092875775474270483e+01
-3.422466078224522423e+00 5.376888728835089282e+00 5.338607009913745571e+01 1.174155672443093223e+01 3.822936271906059780e+00 1.230738417434799725e+00 8.135645549882958960e+00 1.198134510700328370e+01 6.055281102073286625e-01 2.615895618089416530e+01
9.726833505447426975e-02 6.111252697515022980e+00 5.345319330668249336e+01 1.174155672443093223e+01 8.776351925730886405e-01 3.476976018968603643e+00 7.363416767901290072e+00 1.142216503704790931e+01 1.472593240066144782e+00 2.335052082501410453e+01
3.867060463273016779e+00 5.188492883925192700e+00 5.381421392368450540e+01 1.181159485211014903e+01 4.013679587341687949e+00 1.379438378096951856e-01 6.610323019434179770e+00 1.047122228685013035e+01 1.658359501956457205e+00 2.070036889515662537e+01
1.017768226947261034e+01 7.817378340357037381e+00 5.485451722706535804e+01 1.196120905080849894e+01 3.394536697303693895e+00 1.590869381626828671e+00 5.679105444952440074e+00 7.217117228357918357e+00 9.004219946112849149e-01 1.454359992320438622e+01
4.063893285601356098e+00 -3.244912896715695272e+00 5.434851468427289944e+01 1.190988640182024305e+01 4.191646861430944782e+00 2.591370301082768224e-02 4.466227152290027647e+00 5.273197960627676650e+00 -1.046132529264358180e+00 6.932865043592798315e+00
2.331692933108037435e-01 -4.788118025576577175e+00 5.406634668683169309e+01 1.186265264718829826e+01 4.962711976250973045e+00 4.479779490548064791e-01 3.477025778587392590e+00 4.118166809201587064e+00 -2.006182120087542486e+00 1.178616064336189773e+01
-2.528759501582260150e+00 -2.406409657576222827e+00 5.332727206537656173e+01 1.176740105198783937e+01 4.172164471627234583e+00 -9.545887560908296776e-05 2.198880811085238918e+00 2.707135294801498837e+00 -2.246614674635814879e+00 1.901085033245560751e+01
-5.778961084801787607e+00 7.177956244490086846e+00 5.318650081188609136e+01 1.171284080492325863e+01 5.634630500067406622e+00 -2.338638340905690538e-04 1.063787654236971525e+00 1.275279045242436293e+00 -2.117185206965463085e+00 2.588779513090839401e+01
-7.798592477329128414e+00 -2.102959678623488315e+00 5.441960564581717819e+01 1.191889776163821857e+01 3.822780437326281699e+00 5.194179723943100235e+00 9.201827335451836731e+00 1.321865154768708273e+01 -9.472081299209462735e-01 2.122885117246127251e+01
-3.790963902122417295e+00 5.239199855951579998e+00 5.364746308922371298e+01 1.176740105198783937e+01 3.822936271906059780e+00 1.230738417434799725e+00 8.148097989974372624e+00 1.203474904140627366e+01 5.707461453922995087e-01 2.621630376383306427e+01
1.437874637715003678e-01 6.200127427763520771e+00 5.370787397601424118e+01 1.176740105198783937e+01 7.884868966335916163e-01 3.441049329955379044e+00 7.351944899334156069e+00 1.139617991693570609e+01 1.427511487071433605e+00 2.364318790160377404e+01
4.272911157353296296e+00 5.069643595532673075e+00 5.403279253131605486e+01 1.183043536689913466e+01 4.013679587341687949e+00 1.379438378096951856e-01 6.570142470855932615e+00 1.042662339084085765e+01 1.592696610183421901e+00 2.080980113864669789e+01
1.066832848394622957e+01 8.035640506321334087e+00 5.486906550435882224e+01 1.196508814572764834e+01 3.241605328122518337e+00 1.565239516729955094e+00 5.626817899252358757e+00 7.096238812296024712e+00 8.145324863663261361e-01 1.518815514974608050e+01
4.439834158862897340e+00 -3.120421607044125523e+00 5.441366321584560950e+01 1.191889776163821857e+01 4.191646861430944782e+00 2.591370301082768224e-02 4.431783022919093540e+00 5.233935192208024390e+00 -1.100054595217123676e+00 7.957797825699734595e+00
2.303054411515319255e-01 -4.509306223018919368e+00 5.415971201814852520e+01 1.187638738246946879e+01 4.806523539759205654e+00 4.467738288244952893e-01 3.437554676364425799e+00 4.000288740707182100e+00 -2.076143117601617405e+00 1.278287582048533011e+01
-3.022420868195046406e+00 -2.265768691818600633e+00 5.359454485883890840e+01 1.179066094678905507e+01 4.172164471627234583e+00 -9.545887560908296776e-05 2.185929027226626076e+00 2.597786748216808217e+00 -2.333409932379606921e+00 1.977792309391768910e+01
-6.719705956328393626e+00 6.260160620041077983e+00 5.346785073069748506e+01 1.174155672443093223e+01 5.481864108692966475e+00 -2.338638340905690538e-04 9.559746039662549988e-01 1.317698156233187978e+00 -2.177956068074526019e+00 2.642468700890113453e+01
-8.522034401724143393e+00 -1.892663710761139484e+00 5.457764508123545966e+01 1.192700798547439689e+01 3.822708010532639644e+00 5.438904904819646724e+00 9.200233685621812540e+00 1.340748156492596621e+01 -9.913073498930899952e-01 2.345137342479299036e+01
-4.168631367267091825e+00 5.515279870356422087e+00 5.388271678030134382e+01 1.179066094678905507e+01 3.822936271906059780e+00 1.230738417434799725e+00 8.152297195216288372e+00 1.223291599417404107e+01 5.214119330821443965e-01 2.867464643199483021e+01
1.498617945661588902e-01 6.380114684987169049e+00 5.393708657841281706e+01 1.179066094678905507e+01 7.083036103868869393e-01 3.318024773398294158e+00 7.333961026340753975e+00 1.150854069796053025e+01 1.372629693518247151e+00 2.622077487559299414e+01
9.055293377324121762e-01 5.858824000000000254e+00 4.101135399999999720e+01 9.874235999999999791e+00 4.069521501201625924e+00 5.212365863519778653e-02 3.634117929919644663e+00 6.438410444134657240e+00 1.210971103178261510e+00 1.048525669574680563e+01
1.110991007697248634e+01 1.063207645568920157e+01 5.498215895392294073e+01 1.196857933115488315e+01 3.095092407909445509e+00 1.434889150334647923e+00 5.571380345300187997e+00 7.109795362521445838e+00 7.361749711732051837e-01 1.889543487118040233e+01
4.757727867626476481e+00 -3.308379446339713148e+00 5.457229689426105068e+01 1.192700798547439689e+01 4.191646861430944782e+00 2.591370301082768224e-02 4.391856282564821967e+00 5.319020702125930811e+00 -1.158857917045227559e+00 8.822978284739946275e+00
1.765952812786659165e-01 -4.458375600717027432e+00 5.434374081633367126e+01 1.188874864422252209e+01 4.521654781694342873e+00 4.467738288244952893e-01 3.392550336699087232e+00 4.049599880344358915e+00 -2.148068173116802093e+00 1.396703651389232803e+01
-3.543415137540836035e+00 -2.239191822636740437e+00 5.383509037295501543e+01 1.181159485211014903e+01 4.172164471627234583e+00 -9.545887560908296776e-05 2.163882610836005860e+00 2.650211783570522783e+00 -2.414662636874693735e+00 2.102695551925385686e+01
-7.566376340702339220e+00 7.634144558036970452e+00 5.372106565762773300e+01 1.176740105198783937e+01 5.335362804061529296e+00 -2.338638340905690538e-04 8.314524668486242831e-01 1.054227034742038827e+00 -2.221607624129955827e+00 2.759500365039114200e+01
-9.173132133679658295e+00 -1.703397339685025491e+00 5.471988057311191511e+01 1.193430718692695791e+01 3.822643590690233406e+00 5.450693388696555175e+00 9.168095155931807128e+00 1.326114678062837449e+01 -1.016589222964497496e+00 2.247801385843019517e+01
-4.467625931553682150e+00 5.363751883320779790e+00 5.409444510227120873e+01 1.181159485211014903e+01 3.822936271906059780e+00 1.230738417434799725e+00 8.121913994494672551e+00 1.201078297654086668e+01 4.954097286474005157e-01 2.717995130154429617e+01
2.269144623826814811e-01 6.142103216488452588e+00 5.414337792057153820e+01 1.181159485211014903e+01 6.361576274060960490e-01 3.185992905330319758e+00 7.280017044302908857e+00 1.124625684714498242e+01 1.339808813420389821e+00 2.454817919098243095e+01
4.643290051318500034e+00 4.962679235979405412e+00 5.422951327818444867e+01 1.184739183020922049e+01 4.013679587341687949e+00 1.379438378096951856e-01 6.525916215138622078e+00 1.055828521783769247e+01 1.515220541438717872e+00 2.325652943439440890e+01
1.150222024140316535e+01 1.096886881012028070e+01 5.508394305853065021e+01 1.197172139803939572e+01 2.955233635154776106e+00 1.404488735773619323e+00 5.511734308534775195e+00 6.854061482648428516e+00 6.641457423668288840e-01 1.785661399937309213e+01
1.182973304292601568e+01 1.047198192910825298e+01 5.517554875267758518e+01 1.197454925823545580e+01 2.955233635154776106e+00 1.404488735773619323e+00 5.611734308534774840e+00 7.294690011243399219e+00 8.302647582164636164e-01 1.835266142729878069e+01
5.043832205513696820e+00 -3.777541501705742100e+00 5.471506720483494490e+01 1.193430718692695791e+01 4.191646861430944782e+00 2.591370301082768224e-02 4.345530026462737894e+00 5.097746987645168204e+00 -1.184497444082562412e+00 6.992283826192034368e+00
1.640490224437514688e-01 -4.812538040645324422e+00 5.450936673470030769e+01 1.189987377980027006e+01 4.351899788170420891e+00 4.010232440202681770e-01 3.340999601681853282e+00 3.858641024743645787e+00 -2.178090362062478302e+00 1.226131679655037487e+01
-3.940724209850716697e+00 -2.815272640373066348e+00 5.405158133565951317e+01 1.183043536689913466e+01 4.172164471627234583e+00 -9.545887560908296776e-05 2.132011541468310512e+00 2.538156751397682598e+00 -2.449230238803100868e+00 1.932268701597354621e+01
-8.328379686638889723e+00 6.070730102233273584e+00 5.394895909186495686e+01 1.179066094678905507e+01 5.149480720731587802e+00 -2.775588755249802750e-04 7.971524430672555228e-01 1.117547682449280266e+00 -2.221800690653092047e+00 2.609013559131302173e+01
-9.759120092439621530e+00 -1.533057605716523053e+00 5.484789251580072289e+01 1.194087646823426141e+01 3.822586360972756392e+00 5.621069617756655035e+00 9.222367625824576365e+00 1.344863939305220235e+01 -9.898966398168452807e-01 2.262228640919352785e+01
-4.777627193755230373e+00 5.427376694988701900e+00 5.428500059204408501e+01 1.183043536689913466e+01 3.822936271906059780e+00 1.230738417434799725e+00 8.187347978979655494e+00 1.220218053876749842e+01 5.336052932902288770e-01 2.710627618182806842e+01
2.042230161444133218e-01 6.227892894839607507e+00 5.432904012851438580e+01 1.183043536689913466e+01 5.712531280360936270e-01 3.153745681822149205e+00 7.335154465974197180e+00 1.136204484627172562e+01 1.393107864083088288e+00 2.437633972387153491e+01
4.925498362957662302e+00 5.466411312381464604e+00 5.440656195036600451e+01 1.186265264718829826e+01 4.013679587341687949e+00 1.379438378096951856e-01 6.559857886902751289e+00 1.068484741148526496e+01 1.570224725706297786e+00 2.269033361359303669e+01
1.213983437217543759e+01 9.424783736197428041e+00 5.525799387740982382e+01 1.197709433241191057e+01 2.822156557809800237e+00 1.469890684557277449e+00 5.483566084592276901e+00 7.091226533451997049e+00 6.938286713076106116e-01 1.468010535173135267e+01
5.306439378905147386e+00 -4.099787351535168156e+00 5.484356048435144970e+01 1.194087646823426141e+01 4.191646861430944782e+00 2.591370301082768224e-02 4.300156102282146620e+00 5.049677373153781623e+00 -1.233184017603842886e+00 6.495877049584444229e+00
1.527573894923284492e-01 -5.031284236580791713e+00 5.465843006123027692e+01 1.190988640182024305e+01 4.335442245727702648e+00 3.998477955553200180e-01 3.291087510901294699e+00 3.877831106584395560e+00 -2.236603492683894245e+00 1.210916445386317619e+01
-4.308528913515513814e+00 -2.933745376335759936e+00 5.424642320209355972e+01 1.184739183020922049e+01 4.172164471627234583e+00 -9.545887560908296776e-05 2.099774558402527802e+00 2.524397425519377958e+00 -2.517871562481366343e+00 1.950795344869849046e+01
8.053399136399616021e-01 5.600000000000000533e+00 3.360000000000000142e+01 8.400000000000000355e+00 3.812799579074368062e+00 4.093861253799771838e+00 1.897000000000000242e+00 3.262157273292541682e+00 7.373768550177325354e-01 7.578447325326304274e+00
-5.046401791150719518e+00 5.684639025489831354e+00 5.445650053283967651e+01 1.184739183020922049e+01 3.822936271906059780e+00 1.230738417434799725e+00 8.584169600345134654e+00 1.302886752076952348e+01 5.429483669242373134e-01 2.898835612020564056e+01
2.042537917017805404e-01 6.305103605355646401e+00 5.449613611566294935e+01 1.184739183020922049e+01 5.699335165958306915e-01 3.712716479699449401e+00 7.768037342576305626e+00 1.220226696346668582e+01 1.407325359043411828e+00 2.629827665306737217e+01
5.220391997776525628e+00 5.319770181143318233e+00 5.456590575532940335e+01 1.187638738246946879e+01 4.013679587341687949e+00 1.379438378096951856e-01 7.027725660081232562e+00 1.153577314078816585e+01 1.582366065751999118e+00 2.452708959093752128e+01
1.243426537637877516e+01 1.168230536257768648e+01 5.533219448966884357e+01 1.197938489917071969e+01 2.695987545187523260e+00 1.491229097243658597e+00 6.011138906660608683e+00 7.950620566307288861e+00 7.300981877089126604e-01 1.789148180691736201e+01
1.267880020298997046e+01 1.091407482631991854e+01 5.539897504070195566e+01 1.198144640925364790e+01 2.695987545187523260e+00 1.491229097243658597e+00 6.154185627660608837e+00 8.628590370614965366e+00 9.055000866592236575e-01 1.816554603805212409e+01
5.573465450715166192e+00 -3.889808616381651429e+00 5.495920443591630544e+01 1.194678882141083598e+01 4.191646861430944782e+00 2.591370301082768224e-02 4.945963333133714279e+00 6.352391889145030390e+00 -1.121771999966993949e+00 6.598524062834967729e+00
1.988408820585212677e-01 -4.528155812922712187e+00 5.479258705510724781e+01 1.191889776163821857e+01 4.087444844274922495e+00 3.589124441456851278e-01 4.012400599634462495e+00 5.341291458091880884e+00 -2.101436032999968617e+00 1.196236486348673367e+01
-4.578193915298404804e+00 -2.840370838702183764e+00 5.442178088188420304e+01 1.186265264718829826e+01 4.172164471627234583e+00 -9.545887560908296776e-05 2.918620207379813536e+00 4.275292384097008735e+00 -2.355704148675139109e+00 1.863458159432543226e+01
-9.014182697981786063e+00 4.963657092009945870e+00 5.415406318267846331e+01 1.181159485211014903e+01 4.873598484186559610e+00 -3.166369390452002369e-04 1.055498457357553654e+00 1.656632278269847935e+00 -2.235160301876093047e+00 2.615451131498159754e+01
-1.028650925532358684e+01 -1.379751845144870703e+00 5.496310326422064918e+01 1.194678882141083598e+01 3.822535688065242354e+00 5.720789292144375260e+00 9.597991246487936223e+00 1.417179424201386340e+01 -9.808375438746722574e-01 2.423554574309123311e+01
-5.303638736685515553e+00 5.616175122940847864e+00 5.461085047955570815e+01 1.186265264718829826e+01 3.822936271906059780e+00 1.230738417434799725e+00 8.665348663871739632e+00 1.329527133089941415e+01 5.798232083708637630e-01 2.822696931871363901e+01
1.838284125316024809e-01 5.774593244820081850e+00 5.464652250409665157e+01 1.186265264718829826e+01 5.117422668819491260e-01 3.646708536569102321e+00 7.830346191159569536e+00 1.242085032748674855e+01 1.458559789359658687e+00 2.532570626140696390e+01
5.434663576183980993e+00 4.787793163028986498e+00 5.470931517979646230e+01 1.188874864422252209e+01 4.013679587341687949e+00 1.379438378096951856e-01 7.057566704610106711e+00 1.168075937859824442e+01 1.644840780120980339e+00 2.380152420409726943e+01
1.290399481623299849e+01 9.822667343687927044e+00 5.545907753663176010e+01 1.198330176832828364e+01 2.582287092336004175e+00 1.447986689756402212e+00 5.963409140027875033e+00 8.281661603121028392e+00 7.660945031724512022e-01 1.805573765173264533e+01
5.793335838172374963e+00 -3.600827754743486153e+00 5.506328399232467774e+01 1.195210993926975185e+01 4.191646861430944782e+00 2.591370301082768224e-02 4.848166276539996211e+00 6.340999969132425917e+00 -1.169286112555094403e+00 8.268137714997701337e+00
1.891833324385734094e-01 -4.175340231630441323e+00 5.491332834959652587e+01 1.192700798547439689e+01 4.089252028892636837e+00 3.576642548115378517e-01 3.893918060355979094e+00 5.284843128197856288e+00 -2.161939992870566929e+00 1.354966062590174758e+01
-4.877138379125480760e+00 -2.556333754831965344e+00 5.457960279369578416e+01 1.187638738246946879e+01 4.172164471627234583e+00 -9.545887560908296776e-05 2.800833281299655475e+00 4.103379699430029781e+00 -2.430949907617977690e+00 1.997557318764952328e+01
-9.631405408190392592e+00 6.267291382808950928e+00 5.433865686441061627e+01 1.183043536689913466e+01 4.761067455549669702e+00 -3.166369390452002369e-04 9.352121876572339065e-01 1.544358188088192696e+00 -2.272839921732443091e+00 2.696622628159040147e+01
-1.076115950191915616e+01 -1.241776660630383722e+00 5.506679293779858142e+01 1.195210993926975185e+01 3.822490796792032963e+00 5.640253996023242955e+00 9.581617442082862368e+00 1.423111550606423137e+01 -1.009147388018047931e+00 2.317465446884833824e+01
-5.499359102616167227e+00 5.154557610646762988e+00 5.474976543160013875e+01 1.187638738246946879e+01 3.822936271906059780e+00 1.230738417434799725e+00 8.639671390379016103e+00 1.335247371518835990e+01 5.406593703567025289e-01 2.661536635442359966e+01
2.472578799656764414e-01 5.597133920338073665e+00 5.478187025368698926e+01 1.187638738246946879e+01 4.594615988726631906e-01 3.550380208018080186e+00 7.783482828691226985e+00 1.244144517348700951e+01 1.408752512149773706e+00 2.401656334334059650e+01
5.750226459781542232e+00 4.409013846726088204e+00 5.483838366181681323e+01 1.189987377980027006e+01 4.013679587341687949e+00 1.379438378096951856e-01 6.980249578150778511e+00 1.170480990248517905e+01 1.569007423144633817e+00 2.225625757057482090e+01
1.312200977603057872e+01 9.940400609319134162e+00 5.551316978296858196e+01 1.198497159149545510e+01 2.474219744931627663e+00 1.496341840103749821e+00 5.887963173359981539e+00 8.233074585041425308e+00 6.701891245795490448e-01 1.683689717341420078e+01
5.955426301833197655e+00 -3.740744979269137627e+00 5.515695559309220641e+01 1.195689894534277720e+01 4.191646861430944782e+00 2.591370301082768224e-02 4.777142187296544940e+00 6.302408944820815151e+00 -1.238221004192652241e+00 6.859473208001859668e+00
1.140190369722425545e-01 -4.557806208467397369e+00 5.502199551463687044e+01 1.193430718692695791e+01 4.010778334349199170e+00 3.564418181109539896e-01 3.809918874105923781e+00 5.171658357884391322e+00 -2.242886729515856103e+00 1.202687140244076325e+01
-5.243340513135939851e+00 -2.800700379348768809e+00 5.472164251432620574e+01 1.188874864422252209e+01 4.172164471627234583e+00 -9.545887560908296776e-05 2.717843605361407455e+00 3.955772199048722904e+00 -2.519711553126293690e+00 1.868540871067777331e+01
-1.018179257808518656e+01 4.440562244528056368e+00 5.450479117796955109e+01 1.184739183020922049e+01 4.653531000992680688e+00 -3.166369390452002369e-04 8.206194240875676060e-01 1.394153161552986964e+00 -2.321547478920755747e+00 2.548714327550033332e+01
-1.118834472385516854e+01 -1.117598994567345461e+00 5.516011364401872186e+01 1.195689894534277720e+01 3.822451095280225974e+00 5.806426628921124156e+00 9.558204614522926690e+00 1.423581638636824742e+01 -1.051429194445464788e+00 2.377841076630145878e+01
-5.701073778418514593e+00 5.439101849582086423e+00 5.487478888844012204e+01 1.188874864422252209e+01 3.822936271906059780e+00 1.230738417434799725e+00 8.607206698835073055e+00 1.337939276192582838e+01 4.884463082815715396e-01 2.727833786538065652e+01
2.225320919691087806e-01 5.837420528304265943e+00 5.490368322831829317e+01 1.188874864422252209e+01 4.124399957031270603e-01 3.457004938206047484e+00 7.731431900496596121e+00 1.239282625577394015e+01 1.348283150041257983e+00 2.433721178923460116e+01
5.942194207746208434e+00 4.368112462053479028e+00 5.495454529563512835e+01 1.190988640182024305e+01 4.013679587341687949e+00 1.379438378096951856e-01 6.900552241327904568e+00 1.155445909480006961e+01 1.495798328690018941e+00 2.207206482866751784e+01
1.331310997055544831e+01 1.004636054838722004e+01 5.556185280467172305e+01 1.198647443234590959e+01 2.371753028637165972e+00 1.449092477251005651e+00 5.809664621866877710e+00 7.983578638690450369e+00 6.047367142244824967e-01 1.692640417211494608e+01
6.101307719127937901e+00 -3.466670481342223997e+00 5.524126003378298577e+01 1.196120905080849894e+01 4.191646861430944782e+00 2.591370301082768224e-02 4.702457239644589393e+00 6.204397190461755862e+00 -1.283172442773096833e+00 7.428329025956807996e+00
1.026171332750182991e-01 -4.202025587620657809e+00 5.511979596317318197e+01 1.194087646823426141e+01 3.934822302516423953e+00 3.552165162470893867e-01 3.723293744847153253e+00 5.126772107288810609e+00 -2.293570793280639730e+00 1.227732209231236205e+01
-5.475770317179262214e+00 -3.020630341413891973e+00 5.484947826289358375e+01 1.189987377980027006e+01 4.172164471627234583e+00 -9.545887560908296776e-05 2.631824047156608781e+00 3.838028663884224034e+00 -2.579896342322453684e+00 1.837470247824727210e+01
-1.068225430028345357e+01 3.896506020075250820e+00 5.465431206017259314e+01 1.186265264718829826e+01 4.551010449023733528e+00 -3.166369390452002369e-04 7.118291785711829966e-01 1.132843880806878811e+00 -2.356577461523980066e+00 2.513069712754960960e+01
-1.157281142359757986e+01 -1.005839095110610870e+00 5.524410227961684683e+01 1.196120905080849894e+01 3.822416051215693500e+00 5.665134122162434060e+00 9.528506499958897535e+00 1.410037864793401496e+01 -1.077104083686161617e+00 2.426823869171488113e+01
-6.271786907747486928e-02 5.149809105400000142e+00 4.477664066939999543e+01 1.060528623959999983e+01 3.775787553591242851e+00 1.362110173301310123e+00 5.196988368263750324e+00 8.246248384058397107e+00 8.848070872109974339e-01 1.506634288914997732e+01
5.009068971850236807e-01 5.591186739999999489e+00 4.317329674000000495e+01 1.027813115999999916e+01 4.285012407694699377e+00 1.171650697619487813e+00 4.361605397967256437e+00 7.074161041513574055e+00 1.233816402942794932e+00 1.349003287142997465e+01
1.735364876690555835e+00 5.272941600000000228e+00 4.251021859999999464e+01 1.008681239999999946e+01 4.069521501201625924e+00 5.212365863519778653e-02 3.874162738368827963e+00 6.678587639949435939e+00 1.208879341557244969e+00 1.031420211645893836e+01
1.348510014562783255e+01 1.244172449354849874e+01 5.560566752420454861e+01 1.198782698911131916e+01 2.274852075962925824e+00 1.449092477251005651e+00 5.729110390357336158e+00 7.695412817781255299e+00 5.425470711530778756e-01 1.944051853847278366e+01
6.237714263986156027e+00 -3.620003433208001553e+00 5.531713403040468791e+01 1.196508814572764834e+01 4.191646861430944782e+00 2.591370301082768224e-02 4.624864469325353333e+00 6.011521257132602436e+00 -1.328496731491372707e+00 7.401310000769825592e+00
6.678907348275578415e-02 -4.581823028858591940e+00 5.520781636685586591e+01 1.194678882141083598e+01 3.778725715989400324e+00 3.552165162470893867e-01 3.634764388358829201e+00 4.960723745038762900e+00 -2.346826039085252891e+00 1.243591682119587816e+01
-1.113266985026189282e+01 4.806855418067725871e+00 5.478888085415533737e+01 1.187638738246946879e+01 4.761350162088644922e+00 -3.166369390452002369e-04 4.745883219847044643e-01 7.197445821588465131e-01 -2.380349068599153295e+00 2.665831707616461088e+01
