2.277845256380021510e+01 1.583919189857866456e+02 9.503515139147198170e+02 2.375878784786799542e+02 3.959797974644666141e+01 0.000000000000000000e+00 1.979898987322333070e+01 7.489555671847725193e+01 2.277845256380021510e+01 1.583919189857866456e+02
3.991020651927105423e+00 1.047921329125154521e+01 2.575827990927515998e+01 1.287765193599619096e+01 7.273730308777985876e+00 0.000000000000000000e+00 5.148656216160329535e+00 7.717707400300628073e+00 5.661619796394174564e+00 1.019331072898125967e+01
2.335144527592914354e+00 4.440658405057374303e+00 8.116164447964420603e+00 5.112075553676807438e+00 3.953551065989872271e+00 0.000000000000000000e+00 3.133467573110168658e+00 3.732180802057887270e+00 2.874499078962152065e+00 3.659525787077927639e+00
1.810165445984935895e+00 2.934363835630894979e+00 4.623065923744802852e+00 3.268303165426857948e+00 2.694092977562652980e+00 1.129600534685376800e+00 2.260439894256820459e+00 2.576753755447694250e+00 1.933882704336383984e+00 2.425926893606373369e+00
1.562525709431581866e+00 2.304017816905553406e+00 3.319256328802348222e+00 2.514893968223288034e+00 2.153873542275214437e+00 1.150880526152715300e+00 1.873552505675566193e+00 2.080376022244665890e+00 1.433388948498131921e+00 2.061546562126976845e+00
1.421880941806782594e+00 1.968970501710471055e+00 2.670283982750257135e+00 2.118816367172085435e+00 1.861479930034303010e+00 1.157225901649423294e+00 1.659433159722175866e+00 1.810628748383677156e+00 1.231314649822320639e+00 1.942486271551959964e+00
1.332661048511350588e+00 1.764461091053409536e+00 2.290403992284877788e+00 1.878337564773226331e+00 1.680480175397652154e+00 1.140730897457583382e+00 1.525210280021308762e+00 1.642295073524020044e+00 1.192252746680958264e+00 1.849075421117340134e+00
1.272273410962816875e+00 1.626423936669570969e+00 2.043896640919399488e+00 1.718161728486673923e+00 1.558602597952035040e+00 1.112782745217910874e+00 1.434414585818130750e+00 1.534154222774039011e+00 1.225458036219639446e+00 1.735016806306581172e+00
1.229400351781929634e+00 1.528971996274990364e+00 1.873848136392683550e+00 1.605820074921443297e+00 1.471517301117606147e+00 1.092473523755993492e+00 1.368262830719600087e+00 1.453861450517402565e+00 1.238435092038129959e+00 1.614886482085132080e+00
1.195198331839210315e+00 1.453033239343780370e+00 1.747684574418416847e+00 1.520929982202785524e+00 1.406195316499328163e+00 1.077161079916091779e+00 1.319249934270536162e+00 1.392258253791973655e+00 1.214169627576457744e+00 1.514690456956979236e+00
1.169612693217247479e+00 1.396953430202158453e+00 1.652733610337360215e+00 1.456527917041419151e+00 1.355632685619376110e+00 1.065278141864521189e+00 1.281889643840444570e+00 1.346086482158490361e+00 1.186643365132747707e+00 1.441688253304032941e+00
1.149191634304083776e+00 1.352279331944942875e+00 1.578067119687354358e+00 1.405410728067352899e+00 1.314617621070734765e+00 1.068238836561563154e+00 1.249129134123629470e+00 1.306255903175751465e+00 1.156620367046335529e+00 1.388621102451661482e+00
1.132539942527055254e+00 1.315369056322040819e+00 1.517912431001789075e+00 1.363905876879233370e+00 1.282240494160475253e+00 1.063339674134561097e+00 1.222948497318115502e+00 1.274250364019060777e+00 1.126422778468528341e+00 1.339192615109516149e+00
1.118548551669608537e+00 1.285512241363673924e+00 1.468469484960660321e+00 1.329569243199883566e+00 1.255367067874219922e+00 1.065386440589723538e+00 1.201508918360069122e+00 1.248226453013243864e+00 1.108289818416177575e+00 1.313699391338949862e+00
1.106715244485114269e+00 1.260453354445978391e+00 1.427164550551573763e+00 1.300713864186596957e+00 1.231753607687507079e+00 1.059947250365985028e+00 1.183716956865426440e+00 1.225756433142759505e+00 1.097754872253918768e+00 1.294064668932183970e+00
1.096558583882487170e+00 1.238951623550687664e+00 1.392152244519919924e+00 1.276139316786180755e+00 1.211757859024671147e+00 1.053968365025490961e+00 1.168965704021803109e+00 1.208877216830459345e+00 1.092533813449556579e+00 1.274884165761047461e+00
1.088289132709943097e+00 1.220874296484075305e+00 1.362510996648043982e+00 1.255339158346073347e+00 1.195191340453771289e+00 1.048841277911000347e+00 1.156113173929186333e+00 1.193431872384570713e+00 1.091154680436846158e+00 1.253714971445390347e+00
1.080596153845752694e+00 1.204763724673450831e+00 1.336443566371763092e+00 1.236900400033517311e+00 1.180245425739264498e+00 1.044405060089475867e+00 1.145390577224677520e+00 1.179478524442990395e+00 1.085241001497251778e+00 1.235251893629363273e+00
1.074318982470167771e+00 1.191047072185700717e+00 1.313989338121976269e+00 1.221048872589707734e+00 1.167618313004391339e+00 1.040536091517863859e+00 1.136630996275040273e+00 1.167812080522593332e+00 1.078707627879823772e+00 1.217441745374159501e+00
1.068936469394820232e+00 1.178758996354747124e+00 1.294184482432475747e+00 1.207035327718380513e+00 1.156343668644354006e+00 1.041724058094660066e+00 1.126947728827258244e+00 1.156341451409749199e+00 1.071458252438979297e+00 1.201582184057201408e+00
1.064316937008349173e+00 1.169392688900115385e+00 1.276606570643610494e+00 1.194561775788291369e+00 1.146672610270878634e+00 1.039923348696735861e+00 1.118505044966326967e+00 1.146222665680916908e+00 1.064099111957648169e+00 1.197121508894712694e+00
1.059971812750226894e+00 1.158998498457727289e+00 1.260895000529191456e+00 1.183390832504684465e+00 1.138004150058586239e+00 1.036651807233315292e+00 1.111175325642383305e+00 1.137065164354044144e+00 1.058344758226888116e+00 1.183548098502881230e+00
1.055936837084649804e+00 1.149430580333551388e+00 1.246764602250822529e+00 1.173331128025295600e+00 1.129831372983751470e+00 1.036146469040284845e+00 1.104323046824538412e+00 1.128595176615024398e+00 1.053227343664721039e+00 1.171622724761990808e+00
1.051339474099840521e+00 1.139962814002452252e+00 1.233198540152859346e+00 1.163445265973267251e+00 1.122455516095031580e+00 1.033696388115249221e+00 1.099131816979378007e+00 1.122897447027607631e+00 1.050758344615020379e+00 1.161599636636756028e+00
1.048212482836875736e+00 1.134461485220683352e+00 1.221780650181960359e+00 1.155333744753312075e+00 1.116009450904120959e+00 1.031483126097302083e+00 1.094123838260249171e+00 1.116557224603554888e+00 1.050007705173909178e+00 1.160660089443934062e+00
1.045253729115056096e+00 1.127866094120449691e+00 1.211231414393383776e+00 1.147796571505685925e+00 1.110149074391400426e+00 1.029475883801187930e+00 1.089585367053487408e+00 1.111059530038363219e+00 1.048949195474148333e+00 1.151693580169168785e+00
1.041238101667854465e+00 1.120204936141899088e+00 1.200838795805748482e+00 1.140160834970263437e+00 1.105083654877315080e+00 1.027581719497217883e+00 1.085457437393535285e+00 1.105928510639742290e+00 1.045555508607436179e+00 1.143082269156330266e+00
1.037097802241722322e+00 1.112764011700513089e+00 1.191250893396669674e+00 1.133094847654290582e+00 1.100635222410259795e+00 1.025482831014935758e+00 1.081738997770286259e+00 1.100950549870457706e+00 1.040898027985259544e+00 1.134281190065961731e+00
1.032716151820383343e+00 1.105884534442320266e+00 1.182369896929825748e+00 1.126528440540218279e+00 1.095132753069607112e+00 1.026332648495297706e+00 1.077183714664394776e+00 1.095540896787062124e+00 1.034190446847585321e+00 1.127762688315387507e+00
1.031217564384364849e+00 1.100541826402910317e+00 1.174992649938064071e+00 1.121287197404668534e+00 1.091061789045657537e+00 1.024347770943237812e+00 1.073327130709425647e+00 1.090965674083289816e+00 1.030784330702218199e+00 1.120971547685515102e+00
1.029638077727673240e+00 1.096414143774770755e+00 1.168152645959379843e+00 1.116424752239103535e+00 1.087325553447909154e+00 1.023729686425142171e+00 1.069949842181181721e+00 1.086858417563351553e+00 1.028079112610025492e+00 1.115775024971985996e+00
1.028060043431908266e+00 1.092504725089565198e+00 1.161791243576316690e+00 1.111902038269404480e+00 1.083744650778049046e+00 1.023944366007871754e+00 1.066808332122565206e+00 1.083053688689242788e+00 1.025900466112967813e+00 1.111009366763764383e+00
1.026325610621315221e+00 1.088457746364316137e+00 1.155745717509774062e+00 1.107561867151938495e+00 1.080012334526661677e+00 1.022732231884917242e+00 1.064496439932202998e+00 1.080974231146742959e+00 1.024991260664040560e+00 1.107192942635543131e+00
1.024974632753720138e+00 1.083941236708258371e+00 1.150275638065511030e+00 1.103687295307627103e+00 1.076824057320171724e+00 1.021606433452310725e+00 1.062134918664362493e+00 1.077809381194643201e+00 1.025803862148226164e+00 1.101708112206567280e+00
1.023636276771031417e+00 1.080990531794459031e+00 1.145092640644861826e+00 1.099998224512515277e+00 1.073683667536498021e+00 1.020558644215996846e+00 1.060069527824052615e+00 1.075250761609091610e+00 1.025466928959543944e+00 1.098285346439858090e+00
1.022456269632636916e+00 1.078281157180733585e+00 1.140239029280421423e+00 1.096536584678076576e+00 1.070948043807409489e+00 1.019581546482422274e+00 1.058756272625917205e+00 1.073119094483022007e+00 1.024019789996757579e+00 1.094644498184057069e+00
1.021492061366533699e+00 1.075750347358211290e+00 1.135676193144681267e+00 1.093282194189492795e+00 1.068023649845869283e+00 1.020332876361692787e+00 1.056217447816573785e+00 1.070233562815054551e+00 1.021999384588422100e+00 1.091254697810398744e+00
1.020733571459106592e+00 1.073038043424717314e+00 1.131429362592912602e+00 1.090274796483475583e+00 1.065739552459863626e+00 1.020557970764120359e+00 1.053847418240915212e+00 1.067610567913572783e+00 1.020349724631812505e+00 1.087837702292810294e+00
1.019905493792167883e+00 1.070950818305903551e+00 1.127432092770344063e+00 1.087438483472785711e+00 1.063604424204757093e+00 1.019467703259720803e+00 1.051590041445411794e+00 1.064923614042447619e+00 1.018899251940007300e+00 1.085700774124543466e+00
1.018926517337550353e+00 1.068738830316409150e+00 1.123603479781980718e+00 1.084704268704394847e+00 1.061277255765897154e+00 1.018652939102389743e+00 1.050045189210153662e+00 1.063168952402337109e+00 1.018261632629917202e+00 1.084220709393034277e+00
1.018089257092936739e+00 1.066337357411594633e+00 1.120061075893105773e+00 1.082199152456621460e+00 1.059243363765990376e+00 1.017886230676023462e+00 1.048495105550984130e+00 1.061316105949229316e+00 1.018658607639049585e+00 1.080791254280929925e+00
1.017290411568140707e+00 1.064433620536051173e+00 1.116677441196156195e+00 1.079798571450530709e+00 1.057281958651231202e+00 1.017163723083808202e+00 1.047151436330389762e+00 1.059683069161222457e+00 1.018486716219148880e+00 1.078473710089777438e+00
1.016613199774230258e+00 1.062606882663142516e+00 1.113471235508155299e+00 1.077521317199649609e+00 1.055301523531225083e+00 1.016481951614326418e+00 1.046331664100231151e+00 1.058520268548450050e+00 1.017692259394151311e+00 1.075453528723207652e+00
1.016043656651085980e+00 1.060837993392449219e+00 1.110425358722122890e+00 1.075358261997321208e+00 1.053264348025550579e+00 1.013573669503515351e+00 1.045094354445919027e+00 1.057093295121127596e+00 1.016676705048007001e+00 1.072038603057940076e+00
1.014959883957936793e+00 1.059444428236221647e+00 1.107204925024866338e+00 1.072971471771557050e+00 1.051760058051124602e+00 1.014744526636070399e+00 1.043311146859702720e+00 1.055041118099836916e+00 1.015032339093259628e+00 1.072905538793493152e+00
1.014510410858308731e+00 1.057719424887191950e+00 1.104475766006541848e+00 1.071045073562974181e+00 1.050344697138204442e+00 1.013055337262018130e+00 1.041278803788987739e+00 1.052865382650358894e+00 1.014357639773158626e+00 1.069585258460270527e+00
1.012534242379657945e+00 1.054720504743417386e+00 1.101201162106974607e+00 1.068504737967327145e+00 1.048792733019176415e+00 1.013172375019958604e+00 1.039985512355366959e+00 1.051080491063700162e+00 1.012884974625293255e+00 1.067245752149745597e+00
1.011374761498888386e+00 1.052659476763148527e+00 1.098378920442723894e+00 1.066399183949251928e+00 1.047418456618880445e+00 1.012672714674355046e+00 1.039172232899265635e+00 1.050390890527373555e+00 1.012100058177843431e+00 1.064980203258092173e+00
1.010879578595241135e+00 1.051312334188961417e+00 1.096038101803137765e+00 1.064760143163376860e+00 1.046105426101928693e+00 1.012198126659969111e+00 1.038123975189351400e+00 1.049185097732255656e+00 1.012433126078946533e+00 1.062990745608951126e+00
1.010415589829150917e+00 1.050075228525360505e+00 1.093786033491610743e+00 1.063179321555965062e+00 1.044859808500709475e+00 1.011746910301672964e+00 1.037230376620573713e+00 1.048162832261475996e+00 1.012336463307382139e+00 1.060568345199337736e+00
1.010036777241202000e+00 1.048925873393215191e+00 1.091632430424340994e+00 1.061666698487745641e+00 1.043468111712505308e+00 1.012528307217675172e+00 1.035990379002306616e+00 1.046754782652395521e+00 1.011991504698862343e+00 1.058658177387398869e+00
1.009747384285712313e+00 1.047507208728088335e+00 1.089580897632961953e+00 1.060231580927994077e+00 1.042416256899746818e+00 1.011361728704399887e+00 1.034359876072371787e+00 1.044851175436357860e+00 1.011067666563096212e+00 1.054254427621556855e+00
1.007566109415807487e+00 1.044674029162263151e+00 1.086949143535768769e+00 1.058147101679004720e+00 1.041529131667201513e+00 1.010033693546819045e+00 1.033684135299391960e+00 1.044123005969972651e+00 1.009446061879933909e+00 1.051407875105359047e+00
1.007209106672577903e+00 1.045078362320120302e+00 1.085079386132440371e+00 1.056847366751020312e+00 1.040515778553688486e+00 1.009670727371916321e+00 1.032869585572618654e+00 1.042997312047805991e+00 1.009613401124686005e+00 1.054808541935426058e+00
1.006925786562320901e+00 1.044174694891530475e+00 1.083276682035052785e+00 1.055592254217741166e+00 1.039285913457101529e+00 1.010524107439202623e+00 1.031731143348548985e+00 1.041725119976810721e+00 1.009817352330598217e+00 1.053276463507301530e+00
1.006707864887560477e+00 1.043413397885087690e+00 1.081551230408297259e+00 1.054393655481360659e+00 1.038403767920000442e+00 1.009364163805535286e+00 1.030778030090834685e+00 1.040491602763670143e+00 1.008983813634255045e+00 1.052320263864347183e+00
1.006493713922674837e+00 1.042402084208280622e+00 1.079874887819690876e+00 1.053220837373972207e+00 1.037539014077339727e+00 1.010060321035424868e+00 1.029759755074276084e+00 1.039396719085743159e+00 1.008316202187085509e+00 1.051247769840911062e+00
1.006244677422349243e+00 1.041553968325105384e+00 1.078241446709465645e+00 1.052067339973298266e+00 1.036424329016529144e+00 1.009732494995370544e+00 1.029109507507892207e+00 1.038801452647642787e+00 1.007716813002912382e+00 1.050576709143009824e+00
1.005960752461931174e+00 1.039854001130893435e+00 1.076707271532270971e+00 1.051004815468007614e+00 1.035633287061273444e+00 1.009419241764266451e+00 1.028490525713086301e+00 1.038176921325464352e+00 1.008011584983718567e+00 1.048446491427455829e+00
1.005694801471354927e+00 1.039062916277303072e+00 1.075225138678808534e+00 1.049977422443221453e+00 1.034811624104207795e+00 1.009118914034559333e+00 1.027917400170403450e+00 1.037276818483254370e+00 1.008628216410169642e+00 1.047406894856967474e+00
1.004904790127348457e+00 1.037687058572565268e+00 1.073473659888432907e+00 1.048639299831881866e+00 1.033409517096332664e+00 1.008830791454978337e+00 1.027619260275370650e+00 1.036559989053539743e+00 1.007770471472302143e+00 1.045234856318499661e+00
1.004693728967219091e+00 1.035925014241256825e+00 1.071929272533917343e+00 1.047507341151725058e+00 1.031728462328782792e+00 1.009532300048773701e+00 1.026755663966139265e+00 1.035537325440510692e+00 1.006524033253976880e+00 1.043404853807923915e+00
1.004528796040940808e+00 1.035333942181530853e+00 1.070608895974075159e+00 1.046596870795997392e+00 1.031086597232921287e+00 1.008399485954433628e+00 1.025953261636222802e+00 1.034553319166958918e+00 1.006050804238291851e+00 1.042761837348235909e+00
1.004373238905002852e+00 1.034786664476564644e+00 1.069324470459946719e+00 1.045707021616534949e+00 1.029893929919145634e+00 1.008965367285747039e+00 1.024851677402454753e+00 1.033360818774166301e+00 1.005705495685487616e+00 1.042324806532075154e+00
1.003864660624027572e+00 1.033959641609629942e+00 1.067922081443514859e+00 1.044676005469797220e+00 1.029200141056419326e+00 1.008705395737538479e+00 1.024734120218980582e+00 1.032648783037057649e+00 1.005376285808395220e+00 1.041944639752911961e+00
1.003616195798626931e+00 1.033141403354858046e+00 1.066734109173673062e+00 1.043859629070582606e+00 1.028622107960457388e+00 1.008455154086987715e+00 1.024544132554169096e+00 1.032831275809797722e+00 1.006397343919931409e+00 1.041702803101446140e+00
1.003450036215427055e+00 1.032282681300171978e+00 1.065585758621323764e+00 1.043071330950513964e+00 1.028013457040462431e+00 1.008214149293823025e+00 1.024087194881186269e+00 1.032247187321968296e+00 1.006438379492587520e+00 1.040234552825603620e+00
1.003305378183634300e+00 1.031735241641037026e+00 1.064470945088966003e+00 1.042305020384822978e+00 1.027388433619262020e+00 1.007488838724863056e+00 1.023713601793324823e+00 1.031771154033905624e+00 1.006685196940977356e+00 1.039439446807595147e+00
1.003174092881574664e+00 1.031211995894126598e+00 1.063383614554797019e+00 1.041552960959818863e+00 1.026914363205949421e+00 1.006821527418485296e+00 1.023926292327851373e+00 1.031825738337567300e+00 1.006397964031872316e+00 1.039119321800118678e+00
1.003097280058064422e+00 1.030664941234507914e+00 1.062320976979743703e+00 1.040812368153278822e+00 1.026323704897399214e+00 1.007787020433727365e+00 1.023249950609261383e+00 1.031052404547474932e+00 1.005771760625859823e+00 1.037812769002547153e+00
1.002968650254024485e+00 1.030876784104321153e+00 1.061308896354041131e+00 1.040118281257001120e+00 1.025846629049775194e+00 1.007876533238741157e+00 1.022152807892728665e+00 1.029870254361510140e+00 1.005382499108536720e+00 1.040221722798819304e+00
1.002268432307108714e+00 1.030077007258461963e+00 1.060020461606112852e+00 1.039114479790482104e+00 1.025337509483872589e+00 1.006835864691238758e+00 1.021662667404331648e+00 1.029185473846207843e+00 1.004693025269756790e+00 1.039713579915670483e+00
1.001536432753494354e+00 1.029209699565292846e+00 1.058756309005788543e+00 1.038124123522651709e+00 1.024791571076992813e+00 1.007721416678689863e+00 1.021390932859997935e+00 1.028699771007904662e+00 1.004163117115260961e+00 1.039841325130050453e+00
1.001318524658119102e+00 1.028796421795451499e+00 1.057751237522835064e+00 1.037404348946245225e+00 1.024377542579452349e+00 1.007324062274783660e+00 1.021395916943094395e+00 1.028883976905751174e+00 1.004112996422604986e+00 1.040010532331393067e+00
1.001200457763994356e+00 1.028388872890896089e+00 1.056870348013201566e+00 1.036801180646875320e+00 1.023870940893053749e+00 1.007134876584651728e+00 1.020876888105056279e+00 1.028119330520435692e+00 1.004225938842092436e+00 1.039105775928562680e+00
1.001099927495565867e+00 1.027952648231196253e+00 1.056012361188912285e+00 1.036213161805354943e+00 1.023354309649069149e+00 1.006852876765174543e+00 1.020561421341929176e+00 1.027601864902085049e+00 1.004402221783029070e+00 1.038275117524706026e+00
1.001022357531754281e+00 1.027541166014272145e+00 1.055173831212032454e+00 1.035636163250490460e+00 1.023075639942559567e+00 1.006503980247671626e+00 1.020667279128817384e+00 1.027631039509188104e+00 1.004167703263783240e+00 1.036947030564346672e+00
1.000973799988257085e+00 1.027086604602509334e+00 1.054353618930305325e+00 1.035068862791642230e+00 1.022497684060912126e+00 1.005482835635751915e+00 1.020498511150665699e+00 1.027073411662614788e+00 1.003785841160735437e+00 1.034336864124026700e+00
1.001012128591636241e+00 1.027011700647720405e+00 1.053481188222900045e+00 1.034438547585628143e+00 1.022128421500264839e+00 1.006579189193959278e+00 1.019990311864964916e+00 1.026476063873699385e+00 1.003491654978596159e+00 1.035762935932907691e+00
1.000922269477343196e+00 1.026188241360155295e+00 1.052716494924812896e+00 1.033916016327432130e+00 1.021769766105697919e+00 1.005590370115894139e+00 1.019100070719179296e+00 1.025505981657410137e+00 1.003447339654718995e+00 1.033883609865832609e+00
1.000695485482467451e+00 1.025513075894321613e+00 1.051810819858415513e+00 1.033232805188980752e+00 1.021494028579110092e+00 1.004800696976717145e+00 1.018664406964286284e+00 1.024910637467729035e+00 1.003259761308333609e+00 1.033143679714222607e+00
1.000387627344546448e+00 1.024944050320260036e+00 1.050924767124319592e+00 1.032562401294711441e+00 1.021112902230067565e+00 1.004780391005706930e+00 1.018445649244360096e+00 1.024394525789612764e+00 1.002925583470555271e+00 1.033408361571882983e+00
1.000265382326960939e+00 1.024561355780395200e+00 1.050176948922346920e+00 1.032035318302741089e+00 1.020791685509520264e+00 1.004593392387965967e+00 1.018470795326098299e+00 1.024502964106014602e+00 1.002884969197128884e+00 1.033602547136750927e+00
1.000183237475039899e+00 1.024370007447473085e+00 1.049491791891197900e+00 1.031572070349174863e+00 1.020446463033960027e+00 1.004465721743753370e+00 1.018071202700530531e+00 1.024167036406075537e+00 1.003059415634502960e+00 1.033436485346306277e+00
1.000136475923862012e+00 1.023989829374067906e+00 1.048822530618025661e+00 1.031119199573039547e+00 1.019950290690845307e+00 1.004315030244683271e+00 1.017570111914251285e+00 1.023546915609889973e+00 1.003753089099739926e+00 1.032755227354692495e+00
9.994469641259957626e-01 1.023039957374440201e+00 1.047871282641095414e+00 1.030338353818743169e+00 1.019772910422393819e+00 1.004172166404124544e+00 1.017500645533913284e+00 1.023378543724249523e+00 1.003476760110104005e+00 1.031650102502547295e+00
9.991476431579809914e-01 1.022693413561816644e+00 1.047076513666888031e+00 1.029727456140875796e+00 1.019697518872263897e+00 1.003954333605813209e+00 1.017557785649212398e+00 1.023310986909578446e+00 1.002899183674809125e+00 1.031383586578599187e+00
9.992536203156328067e-01 1.021914001800635408e+00 1.046413939590095765e+00 1.029262069967231241e+00 1.018960853666117661e+00 1.005207854516255050e+00 1.017168969119404354e+00 1.022875877850180082e+00 1.002437998246123563e+00 1.030862851343092856e+00
9.991891659282076121e-01 1.021415278210498601e+00 1.045814517238724539e+00 1.028859602876956991e+00 1.018682258105348959e+00 1.003691708866337962e+00 1.016592879652339132e+00 1.022241431960912106e+00 1.002309939804162164e+00 1.029680756211988291e+00
9.991708334074174136e-01 1.021173542753405661e+00 1.045225853858513076e+00 1.028458775945519044e+00 1.018382998055898936e+00 1.004002977551513798e+00 1.016098363244891667e+00 1.021614809495517529e+00 1.002051355415857881e+00 1.029593369491895505e+00
9.990655400223156235e-01 1.020947610358466484e+00 1.044636303796478316e+00 1.028048374989329883e+00 1.018030347087304888e+00 1.005307230893990988e+00 1.015922366480827677e+00 1.021407480534717749e+00 1.001740225753747326e+00 1.029803812716248768e+00
9.990002948235910951e-01 1.020527290377983842e+00 1.044053689843512878e+00 1.027647453681964196e+00 1.017732512398167311e+00 1.005179444823445234e+00 1.015998525703886379e+00 1.021494982762981341e+00 1.001845340317871091e+00 1.029606659037562988e+00
9.989317543716862424e-01 1.020099499037665502e+00 1.043508842664599312e+00 1.027284025877540197e+00 1.017347578384480533e+00 1.005064222266989216e+00 1.015686519055046366e+00 1.021139796684976675e+00 1.002021097720954490e+00 1.028867617227418263e+00
9.988263223149745906e-01 1.019840982773065230e+00 1.042975292581713065e+00 1.026927835949323464e+00 1.017094848400162510e+00 1.004952072033290289e+00 1.015241362430743255e+00 1.020568572409290997e+00 1.002345909663284296e+00 1.028210874854814882e+00
9.987825482888319506e-01 1.019547323479663703e+00 1.042370962517054744e+00 1.026485805495717996e+00 1.016819158778339061e+00 1.004831881164078178e+00 1.015329123363017727e+00 1.020238934689191357e+00 1.001992235846833612e+00 1.027395765100648228e+00
9.988175421710712154e-01 1.019058889264115697e+00 1.041843138245033940e+00 1.026119933532925854e+00 1.016117605724172979e+00 1.005427448136077206e+00 1.015021126951343389e+00 1.019908719883360293e+00 1.001601189998350128e+00 1.026746843193263592e+00
9.987603409319781855e-01 1.018744493277121466e+00 1.041352224529715320e+00 1.025789362026624074e+00 1.015896701281561398e+00 1.004469167150194409e+00 1.014526228100456340e+00 1.019382884648541987e+00 1.001495832585591828e+00 1.025818297380304056e+00
9.987477583032230433e-01 1.018213315421595322e+00 1.040869110179012180e+00 1.025461266032196228e+00 1.015666212405330393e+00 1.004598614872407980e+00 1.013924646258611562e+00 1.018664024039347638e+00 1.001346085189810609e+00 1.024677189867669425e+00
9.986410469832291970e-01 1.017713087435477393e+00 1.040316420548208942e+00 1.025051873671791736e+00 1.015434559714084806e+00 1.004616963930561990e+00 1.013889354676066556e+00 1.018382243578355384e+00 1.001151486196192542e+00 1.024480551723470745e+00
9.985862617339806846e-01 1.017417809627453984e+00 1.039843692785076934e+00 1.024728705162097908e+00 1.015174968889360319e+00 1.004515149967847520e+00 1.013991177924963960e+00 1.018584262323116052e+00 1.001226635779587371e+00 1.024510890553557152e+00
9.985352722916223112e-01 1.018486434753147041e+00 1.039395289436182646e+00 1.024428311125548552e+00 1.015023055984552114e+00 1.004419933635186668e+00 1.013760137284039464e+00 1.018419423369018695e+00 1.001394425993157533e+00 1.026801272636565621e+00
9.985345212635245993e-01 1.018278635294668222e+00 1.038955311266219761e+00 1.024133373688575821e+00 1.014493118836085950e+00 1.004325043577214194e+00 1.013550714912583084e+00 1.018329918712468585e+00 1.001569107482428000e+00 1.026446867469687829e+00
9.985232438138265110e-01 1.018128902585924811e+00 1.038522400059231243e+00 1.023839914278733998e+00 1.014512167299266743e+00 1.004205233125327279e+00 1.013567258505020163e+00 1.018092685338458425e+00 1.001510304142650076e+00 1.025058479296834024e+00
9.985011194525260647e-01 1.017964348287220266e+00 1.038057505907376665e+00 1.023508900547139611e+00 1.014541975230775384e+00 1.003989228843895409e+00 1.013672705392498097e+00 1.017809879004970774e+00 1.001231259219695913e+00 1.024757085625070063e+00
9.985601228561872267e-01 1.017777445740003284e+00 1.037628196703360262e+00 1.023218165297622217e+00 1.014129823492077698e+00 1.004236810720263273e+00 1.013418158359009835e+00 1.017554908237629618e+00 1.001147208680244649e+00 1.024548542472482948e+00
9.985100400010211708e-01 1.017555523308532051e+00 1.037221262547737721e+00 1.022948281951949534e+00 1.013950952314057075e+00 1.004463953054867353e+00 1.012743927699468305e+00 1.016980189946010249e+00 1.001188338635676134e+00 1.023579939807683470e+00
9.984878216244923443e-01 1.017335472678265518e+00 1.036746692324623353e+00 1.022593301622842787e+00 1.013810462926768796e+00 1.004599883477978350e+00 1.012537518422499616e+00 1.016728315551512551e+00 1.001180061649721953e+00 1.023570477710918025e+00
9.984349181771500215e-01 1.017178232323058928e+00 1.036313272373876382e+00 1.022286182443872482e+00 1.013591120930056766e+00 1.005372326972621577e+00 1.012469478349736551e+00 1.016688234040056482e+00 1.001005506091060759e+00 1.023808184452973169e+00
9.983864663051413846e-01 1.017045368180593545e+00 1.035923087613173754e+00 1.022024790456161902e+00 1.013388248823757776e+00 1.005279050795972351e+00 1.012525023501766430e+00 1.016842423726023181e+00 1.000984418411061450e+00 1.023937014025861902e+00
9.983454689610949950e-01 1.016408148239307918e+00 1.035549100422392677e+00 1.021778094945471782e+00 1.013282704718544425e+00 1.005188532535749468e+00 1.012322129468805176e+00 1.016495120669586028e+00 1.001086901631097703e+00 1.023623532754931897e+00
9.983232543270071924e-01 1.016172726117852365e+00 1.035181516839845051e+00 1.021535429511001292e+00 1.012776316722991510e+00 1.005099684789867664e+00 1.012136830547075483e+00 1.016354404191105676e+00 1.001145936337096920e+00 1.023680971384461458e+00
9.983058143080254521e-01 1.016006553345344621e+00 1.034819016082821896e+00 1.021294304082623672e+00 1.012614261092269485e+00 1.004959317452314593e+00 1.012280198471154691e+00 1.016248457807223948e+00 1.000963749155330929e+00 1.023335409028909071e+00
9.983013032644391105e-01 1.015885402316103470e+00 1.034463720277766230e+00 1.021052565244613852e+00 1.012860127855728987e+00 1.004688803441554867e+00 1.012255493074005752e+00 1.015995761662489061e+00 1.000716735772180233e+00 1.022159119833044860e+00
9.983401103700378920e-01 1.015743847572243785e+00 1.034107462423180079e+00 1.020815395159632599e+00 1.012601176069188424e+00 1.004975427636096263e+00 1.012046043205478751e+00 1.015770558892393094e+00 1.000773387992652141e+00 1.021977362331104144e+00
9.982965011527427102e-01 1.015575229053825579e+00 1.033765935996705521e+00 1.020591517293820694e+00 1.012453054063886970e+00 1.004654956352231565e+00 1.011472794934227704e+00 1.015179760887007232e+00 1.000851513945251181e+00 1.021027938858184214e+00
9.983196087582334455e-01 1.015216678290251417e+00 1.033391085161590395e+00 1.020324836192658458e+00 1.012286631993686292e+00 1.004399418198400840e+00 1.011271283518960784e+00 1.014873921386880040e+00 1.000932096113792857e+00 1.020494131149966233e+00
9.982977889535494809e-01 1.015031412304966851e+00 1.033039271212139454e+00 1.020083744988191432e+00 1.012097160904840809e+00 1.004992096093608067e+00 1.011210301493948416e+00 1.014843607407667436e+00 1.000802513665133509e+00 1.020688982169350334e+00
9.982665290683790937e-01 1.014899687049613641e+00 1.032711584861941478e+00 1.019867282536092379e+00 1.011946085799304118e+00 1.004912682945635627e+00 1.011257304168817761e+00 1.015241039364966458e+00 1.000778249115871876e+00 1.020911599863117747e+00
9.982371306547684897e-01 1.014510082823662174e+00 1.032395471465316072e+00 1.019660946069942176e+00 1.011882107349026949e+00 1.004835050840640953e+00 1.011082185548649148e+00 1.014961271865132852e+00 1.000858336961115702e+00 1.020706161340622087e+00
9.982171587425091586e-01 1.014370817165424210e+00 1.032084302285275035e+00 1.019457661815389438e+00 1.011406132254535128e+00 1.004758936773185063e+00 1.010921943143557433e+00 1.014801652221960948e+00 1.000857208271738408e+00 1.020523878537679563e+00
9.982012609577525231e-01 1.014212476358156811e+00 1.031776810188758553e+00 1.019255745929416701e+00 1.011271314748942052e+00 1.004631160883407315e+00 1.011045181565050521e+00 1.015036703807856933e+00 1.000639945923228247e+00 1.020350871000011317e+00
9.981980507917612711e-01 1.014094180515356713e+00 1.031474430469521142e+00 1.019054439652070210e+00 1.010996871821303822e+00 1.004451732427566579e+00 1.011022567610687872e+00 1.014809352257187491e+00 1.000453894623498652e+00 1.019768828319764342e+00
9.982266873737419832e-01 1.013941791991749275e+00 1.031173761824061286e+00 1.018856673076679709e+00 1.010873853214177887e+00 1.004983274890643097e+00 1.010847005829015544e+00 1.014611455728190226e+00 1.000575125568575752e+00 1.018939051809824470e+00
9.981885756020822953e-01 1.013808021492486500e+00 1.030883543362488330e+00 1.018668006163961692e+00 1.010753100443637642e+00 1.004752656004300526e+00 1.010350715219609619e+00 1.014178085286243425e+00 1.000664213043285899e+00 1.018101930584101256e+00
9.982159181239708134e-01 1.013413092719024577e+00 1.030576800105747370e+00 1.018457604152433138e+00 1.010696502706130762e+00 1.004807044545444228e+00 1.010159105182228068e+00 1.013944221498794152e+00 1.000774971697210303e+00 1.016575987963927563e+00
9.982085466487530256e-01 1.013017663991157891e+00 1.030283536547783374e+00 1.018261250095028547e+00 1.010565496967504862e+00 1.004884261379195731e+00 1.010105096112189127e+00 1.013768366178920965e+00 1.000677341332132819e+00 1.015656460912986114e+00
9.981828716485696695e-01 1.012788741201859022e+00 1.030004561625890380e+00 1.018078779836531167e+00 1.010532713680768691e+00 1.004813871686052851e+00 1.010147895061340728e+00 1.013863382397418134e+00 1.000653137165225415e+00 1.015663158765104379e+00
9.981536751328007329e-01 1.012117265278543510e+00 1.029734402900185364e+00 1.017903770635500305e+00 1.010525341952357214e+00 1.004744853661740933e+00 1.009998258720881781e+00 1.013762011027873555e+00 1.000710725053589156e+00 1.013925198222764168e+00
9.981347531485110780e-01 1.012003911023442893e+00 1.029468115002337925e+00 1.017731117987800138e+00 1.010124538268622141e+00 1.004677128144047416e+00 1.009861662397562032e+00 1.013724512927886900e+00 1.000665708847108926e+00 1.013870307532794612e+00
9.981227645994942277e-01 1.011895809266742718e+00 1.029204499760920211e+00 1.017559583390777345e+00 1.009942557516727568e+00 1.004589855378843710e+00 1.009970686943479690e+00 1.013808885355395040e+00 1.000424345990217123e+00 1.013805483447969946e+00
9.981156616840766160e-01 1.011793935881135420e+00 1.028944611579954760e+00 1.017389054151039751e+00 1.009763387206898955e+00 1.004463955911002904e+00 1.009946245383384955e+00 1.013543039622965214e+00 1.000248334299464581e+00 1.013451298394170141e+00
9.981251357072601360e-01 1.011996251430510751e+00 1.028687388329335706e+00 1.017221324922295889e+00 1.009660294473736730e+00 1.004617305520298709e+00 1.009797230161863180e+00 1.013364814436918282e+00 1.000382782010020621e+00 1.016491961321983828e+00
9.980919788292968997e-01 1.011891085540244317e+00 1.028438083771709755e+00 1.017060273176290552e+00 1.009558975951243109e+00 1.003956123984130810e+00 1.009362119571102001e+00 1.012936719099867489e+00 1.000472917193012679e+00 1.015953398017846565e+00
9.981111442146136659e-01 1.011825165860633202e+00 1.028180333978492733e+00 1.016887822007352726e+00 1.009525844728642818e+00 1.003526443177619187e+00 1.009182564863192466e+00 1.012618166158863353e+00 1.000579748816531556e+00 1.015680248742538039e+00
9.981089836012294603e-01 1.011740425937486476e+00 1.027930981844440872e+00 1.016723471289406433e+00 1.009431331626799544e+00 1.003901413023410516e+00 1.009135089846295630e+00 1.012552416399205679e+00 1.000501012984527094e+00 1.015778421574655255e+00
9.980961363584442969e-01 1.011470096827238097e+00 1.027690754353954627e+00 1.016567488273669717e+00 1.009460174312496683e+00 1.003844816199439327e+00 1.009175557590135774e+00 1.012612286292251751e+00 1.000484173826459156e+00 1.015215633291866482e+00
9.980763416147592215e-01 1.012703319830852378e+00 1.027457576450444332e+00 1.016417311529977496e+00 1.009488312965475920e+00 1.003789249559435159e+00 1.009048234390615306e+00 1.012536548384207480e+00 1.000529640113015706e+00 1.017987978693356776e+00
9.980563691310164742e-01 1.012587780709681473e+00 1.027227470612199989e+00 1.016268985283248716e+00 1.009143861449974588e+00 1.003734676526466085e+00 1.008932598977801964e+00 1.012493523759178560e+00 1.000462178226108501e+00 1.017829663748136104e+00
9.980454505850914204e-01 1.012520435950347686e+00 1.026999319076643546e+00 1.016121534195824738e+00 1.008925904633562132e+00 1.003649250298316753e+00 1.009030713977872029e+00 1.012588746245405513e+00 1.000222265291373702e+00 1.017362068862139868e+00
9.980447532079241846e-01 1.012418242224583986e+00 1.026773949675015229e+00 1.015975126326867484e+00 1.008788557506152594e+00 1.003574988578202820e+00 1.009001642745080973e+00 1.012516499572333251e+00 1.000081909306439476e+00 1.016668545636463472e+00
9.980421358869916437e-01 1.012210600669338323e+00 1.026551423808740759e+00 1.015830971740399491e+00 1.008700732390276578e+00 1.004065607967968399e+00 1.008874048299746473e+00 1.012363103075579973e+00 1.000223994158035534e+00 1.016397077540281968e+00
9.980133620308186959e-01 1.012108033763430281e+00 1.026335211843995454e+00 1.015692005111373808e+00 1.008614326170289122e+00 1.002949415538493705e+00 1.008489094832356825e+00 1.011946008824960774e+00 1.000312599676813630e+00 1.015915598718013069e+00
9.980256525092962017e-01 1.012067282749258501e+00 1.026114384839609484e+00 1.015546687891718758e+00 1.008584754133829975e+00 1.002955825473134110e+00 1.008322330353066620e+00 1.011740719938426292e+00 1.000421528621633582e+00 1.015907818796123907e+00
9.980246472307833239e-01 1.011972313292336390e+00 1.025899185595978258e+00 1.015406368748103860e+00 1.008515695183145100e+00 1.003422424552705250e+00 1.008280902227248088e+00 1.011695151311631014e+00 1.000355931756362393e+00 1.015816150542352192e+00
9.980214688508174392e-01 1.011904307426668037e+00 1.025690304787257201e+00 1.015271514107137341e+00 1.008580916420499962e+00 1.003374223583290981e+00 1.008319870728423773e+00 1.011881634693628129e+00 1.000343986336744484e+00 1.015709313829448179e+00
9.980042295892384008e-01 1.012613747107413920e+00 1.025487254159108241e+00 1.015141361500085049e+00 1.008630701898345139e+00 1.003326846137011064e+00 1.008211761575908749e+00 1.011796498632141050e+00 1.000380158395579588e+00 1.017634335953639946e+00
9.979985264854088767e-01 1.012486893527266396e+00 1.025286673750509303e+00 1.015012684320738545e+00 1.008332333912664636e+00 1.003280270502459715e+00 1.008114253205695698e+00 1.011675310233269620e+00 1.000298793231234384e+00 1.017619632722749357e+00
9.979928401978089836e-01 1.012332875521121167e+00 1.025087532074531405e+00 1.014884677175991845e+00 1.008092946231635478e+00 1.003195079799265921e+00 1.008203470281793024e+00 1.011780287175540360e+00 1.000048210929634251e+00 1.017613554402998277e+00
9.979776911372747472e-01 1.012228624445618008e+00 1.024890509895793222e+00 1.014757615022196857e+00 1.008042779249734400e+00 1.003870122204131965e+00 1.008031049416833191e+00 1.011619483177016221e+00 9.996985524758162933e-01 1.017475022444280564e+00
9.979524084451002475e-01 1.012123877456006404e+00 1.024698672446997749e+00 1.014634796304182185e+00 1.007966656845223019e+00 1.003620300834640489e+00 1.007673105598847263e+00 1.011261042828314416e+00 9.997456042155468126e-01 1.016928073935346344e+00
9.979610568511062541e-01 1.012003458381557364e+00 1.024504046895979403e+00 1.014508118478428589e+00 1.007904919540208111e+00 1.002582066973540131e+00 1.007525215786799322e+00 1.010974921756825129e+00 9.998049961730951507e-01 1.016487079983429354e+00
9.979566210531558568e-01 1.011867519896213929e+00 1.024313538025434678e+00 1.014384818410567490e+00 1.007853028917923277e+00 1.002432453575574867e+00 1.007499511332546449e+00 1.010859043279205949e+00 9.997334513899758246e-01 1.016044801709879541e+00
9.979310011470243769e-01 1.011784385873285341e+00 1.024127805288136628e+00 1.014265435367932566e+00 1.007734566433801549e+00 1.002394341364506669e+00 1.007548169559546736e+00 1.010549808998562948e+00 9.996948847496424095e-01 1.015797429220926196e+00
9.979031160248015286e-01 1.010502690584968111e+00 1.023947066962252350e+00 1.014150011143711838e+00 1.007747442664441051e+00 1.002356860719177511e+00 1.007723877978995208e+00 1.011296464067054979e+00 1.000029221578381700e+00 1.015670002598680677e+00
9.978923254150376954e-01 1.009444965230485991e+00 1.023769081300379247e+00 1.014036400121996362e+00 1.007751249531677384e+00 1.002319997621603731e+00 1.007603711695497894e+00 1.010984834551393874e+00 9.999169531444102033e-01 1.014150426297327767e+00
9.978851290868482327e-01 1.009347933958691712e+00 1.023592847952962348e+00 1.013923803178973904e+00 1.007626987430715992e+00 1.002283737934507313e+00 1.007527508024109508e+00 1.010887024646029975e+00 9.999338239117055993e-01 1.014205089465671561e+00
9.978786197133269198e-01 1.009281060050647438e+00 1.023417683227889619e+00 1.013811715314199668e+00 1.007425689347193343e+00 1.002243092242784073e+00 1.007584806877888539e+00 1.010935132861628949e+00 9.998336137785786004e-01 1.014033567246577228e+00
9.978724425105910401e-01 1.009196772588766944e+00 1.023244162937106516e+00 1.013700437657695685e+00 1.007304017001813712e+00 1.002156199369381051e+00 1.007608388850250503e+00 1.010955391052133168e+00 9.997700698036727784e-01 1.014079653901904354e+00
9.978652039235329507e-01 1.009597357975120291e+00 1.023072565886405050e+00 1.013590192471276019e+00 1.007238055393569587e+00 1.002937418637412481e+00 1.007511330822435713e+00 1.010832954153032981e+00 9.998105117628234284e-01 1.015547244444722441e+00
9.978437620068596470e-01 1.009533091011941996e+00 1.022905899725498724e+00 1.013483938469496026e+00 1.007173043580356531e+00 1.002267971566660476e+00 1.007194268831705930e+00 1.010517123012509844e+00 9.998786494932961899e-01 1.015235910642498851e+00
9.978449996264233679e-01 1.009456451163589730e+00 1.022737262182848106e+00 1.013375069369546022e+00 1.007142114851084180e+00 1.001528167618994658e+00 1.007038558021818409e+00 1.010242728150870573e+00 9.999084773908670787e-01 1.014907148893250399e+00
9.978474600231956870e-01 1.009427144512701657e+00 1.022571731704182474e+00 1.013268595211314960e+00 1.007099647751710680e+00 1.001830387181567916e+00 1.006988440697933473e+00 1.010123830093925035e+00 9.997977524086765211e-01 1.014836321209479753e+00
9.978577954669188843e-01 1.009363602448614561e+00 1.022409927309602562e+00 1.013165058728161538e+00 1.007196620615928406e+00 1.001799490884995869e+00 1.007020225183969497e+00 1.010260716151436977e+00 9.997115679657094800e-01 1.014686564325420148e+00
9.978520888420595591e-01 1.010188573918976873e+00 1.022252601382315218e+00 1.013064990659788389e+00 1.007249170800003979e+00 1.001769084122280384e+00 1.006884387038132544e+00 1.010007245409196619e+00 9.997165478282483697e-01 1.015656836992663958e+00
9.978384586270527823e-01 1.010122723442634873e+00 1.022096682296923298e+00 1.012965743557730613e+00 1.007020696896197220e+00 1.001739156211397752e+00 1.006816614021575518e+00 1.009812262194155874e+00 9.996763675195954324e-01 1.015499727015313880e+00
9.978325239133332136e-01 1.010088766557621920e+00 1.021941562728124975e+00 1.012866881765457583e+00 1.006804507228633794e+00 1.001687147745920603e+00 1.006868903453408404e+00 1.009841156134138052e+00 9.995274498803906615e-01 1.015122026653742848e+00
9.978315299387676696e-01 1.010016769666924219e+00 1.021791940483366412e+00 1.012768697388408023e+00 1.006716123616755443e+00 1.001698725783441546e+00 1.006855029913103161e+00 1.009672968751066824e+00 9.994687424107366880e-01 1.014573024939397161e+00
9.978202352669371944e-01 1.010296846598909282e+00 1.021643990118629386e+00 1.012671403922531077e+00 1.006658212209978087e+00 1.002470986568399391e+00 1.006771597459318324e+00 1.009578523414087048e+00 9.995874010062305581e-01 1.015666318149066383e+00
9.978017394457950884e-01 1.010223882465556500e+00 1.021500379910962764e+00 1.012577463213683027e+00 1.006601091808351445e+00 1.001450618259204228e+00 1.006490403687812618e+00 1.009269512832822624e+00 9.996587612104462783e-01 1.015388319176816712e+00
9.978042732603115139e-01 1.010195086166489009e+00 1.021354962802023536e+00 1.012481565121949423e+00 1.006575086916809081e+00 1.001136791081263189e+00 1.006354065885724847e+00 1.009098407029793698e+00 9.997264644362905406e-01 1.015396342923831075e+00
9.978015128774551101e-01 1.010133659282835605e+00 1.021212044020978871e+00 1.012387501942244139e+00 1.006542657362031301e+00 1.001602887245302442e+00 1.006319648824402613e+00 1.009071998779828450e+00 9.996660101363690210e-01 1.015268957015433182e+00
9.977912343893341474e-01 1.010050206870950484e+00 1.021072234216067853e+00 1.012295790797882011e+00 1.006640088047844772e+00 1.001575854206308902e+00 1.006361774700105460e+00 1.009290542571489313e+00 9.996308379754054174e-01 1.015045840864808646e+00
9.977844905473383097e-01 1.010575261586003304e+00 1.020936387105888743e+00 1.012207054925653660e+00 1.006700339033597791e+00 1.001549229245788375e+00 1.006253255427905557e+00 1.009042041014363900e+00 9.996570687669724675e-01 1.015891438492333876e+00
9.977825161433162560e-01 1.010565747780585610e+00 1.020801615168281273e+00 1.012118992649970073e+00 1.006492750274975867e+00 1.001523004112542026e+00 1.006195815038676056e+00 1.009076796927486974e+00 9.995895457762719039e-01 1.015430205230219318e+00
9.977797084719997045e-01 1.010530661103942851e+00 1.020667346051670421e+00 1.012031223435033489e+00 1.006271728766799933e+00 1.001458851471492384e+00 1.006245362861395876e+00 1.009067617835854191e+00 9.994001261588774110e-01 1.015029998486632001e+00
9.977685343740677615e-01 1.010478912343131919e+00 1.020531715415141427e+00 1.011944016101704813e+00 1.006199774598026231e+00 1.001426504999869183e+00 1.006213434747048163e+00 1.009071252103193705e+00 9.992900306358577511e-01 1.014343350483228656e+00
9.977552751674658715e-01 1.009927605080341850e+00 1.020397572448786816e+00 1.011857568183388123e+00 1.006148587527400773e+00 1.002458841176800064e+00 1.006141311498184310e+00 1.008988055298837727e+00 9.994089525820676334e-01 1.013140709161226338e+00
9.977406097214628344e-01 1.009859108269396177e+00 1.020267083018787879e+00 1.011773986447301654e+00 1.006098065530094843e+00 1.001654493231755927e+00 1.005890113301057154e+00 1.008764647877672616e+00 9.994744390671681522e-01 1.012827317498888435e+00
9.977372942902922315e-01 1.009840907111625441e+00 1.020135255267152985e+00 1.011688822996625436e+00 1.006072556053911216e+00 1.001500653627445558e+00 1.005769193738732969e+00 1.008616915016560034e+00 9.995365478984764573e-01 1.013120721101743893e+00
9.977382939235565074e-01 1.009866474875332099e+00 1.020005489119262920e+00 1.011605134298075415e+00 1.006048523737891331e+00 1.001944523738243165e+00 1.005744959028958219e+00 1.008603737508084297e+00 9.994919021707161511e-01 1.013575624357668126e+00
9.977457210564415480e-01 1.009876025044879055e+00 1.019878308226222607e+00 1.011523398408662011e+00 1.006149845609445093e+00 1.001917810946151288e+00 1.005791263134436786e+00 1.008735767299282937e+00 9.994844424151889672e-01 1.013895122620320111e+00
9.977379776720559645e-01 1.009936012866229360e+00 1.019754495486116630e+00 1.011444234116719132e+00 1.006213900359656410e+00 1.001891473656317810e+00 1.005702456789443922e+00 1.008673988261309606e+00 9.995077105487502056e-01 1.014515487516383319e+00
9.977340400683309962e-01 1.009835408056694916e+00 1.019631626336686248e+00 1.011365629627557716e+00 1.006027994126009739e+00 1.001865504775627524e+00 1.005654435466993180e+00 1.008656286141442537e+00 9.994384437411802935e-01 1.014454543010012477e+00
9.977310411687726477e-01 1.009765615129288641e+00 1.019509217462939210e+00 1.011287250399460769e+00 1.005809732411858226e+00 1.001801761247254285e+00 1.005701313163239075e+00 1.008522165270255622e+00 9.992672207320949518e-01 1.014243402805133032e+00
9.977318187049079024e-01 1.009698560576303139e+00 1.019386540514983341e+00 1.011209337587650969e+00 1.005748819512710224e+00 1.001739995793275551e+00 1.005653094295598349e+00 1.008554640270560299e+00 9.991972434226416011e-01 1.013956234327971329e+00
9.977167731192461142e-01 1.009495223610157533e+00 1.019265164372396448e+00 1.011132070380202475e+00 1.005703271937877341e+00 1.002322976431761825e+00 1.005590538862844552e+00 1.008473426920767579e+00 9.993108586229134671e-01 1.012195118001232075e+00
9.977024941893873899e-01 1.009432110234954605e+00 1.019146944939070654e+00 1.011057280480533560e+00 1.005658288682974355e+00 1.001499711910086354e+00 1.005365158113963542e+00 1.008259335525856226e+00 9.993691034611189572e-01 1.011806465729176985e+00
9.977060567726526719e-01 1.009342253197437644e+00 1.019027600891094343e+00 1.010981148630250015e+00 1.005632768643464736e+00 1.001007608909054047e+00 1.005257270680393722e+00 1.008048257080961907e+00 9.994605353105513457e-01 1.011483775121062356e+00
9.977032857465170101e-01 1.009270848527226150e+00 1.018910005183743195e+00 1.010906242204913097e+00 1.005614988965978229e+00 1.001440539982902722e+00 1.005240209072624458e+00 1.008028142323891929e+00 9.994503243699768280e-01 1.011531116474511549e+00
9.976837829205708053e-01 1.009222475131865693e+00 1.018794622854745091e+00 1.010832995798520706e+00 1.005650489811661163e+00 1.001399764628863487e+00 1.005287653136500703e+00 1.007604719264846960e+00 9.994578753690896988e-01 1.011766211624534506e+00
9.976691466122408203e-01 1.008028481807806020e+00 1.018682161170028300e+00 1.010761983813234233e+00 1.005699957441782422e+00 1.001378003801377092e+00 1.005495751212593269e+00 1.008340919219688825e+00 9.995676970179606657e-01 1.011782138028149980e+00
9.976661509039944642e-01 1.007134656725801269e+00 1.018570583116978234e+00 1.010691879418965655e+00 1.005700240710757809e+00 1.001356539086994513e+00 1.005380418806866016e+00 1.008118449438049291e+00 9.994983781977908599e-01 1.009606944377232862e+00
9.976659086757390105e-01 1.007049253522557031e+00 1.018460170963989775e+00 1.010622139837275446e+00 1.005607592776252668e+00 1.001344548601162288e+00 1.005342435037124282e+00 1.008048565619351633e+00 9.994429309945919160e-01 1.009639688692565818e+00
9.976649952039353675e-01 1.006886166203643684e+00 1.018350132394858498e+00 1.010552565949624393e+00 1.005395500807675369e+00 1.001282172995072939e+00 1.005387950821321708e+00 1.008066076689126955e+00 9.992802509529467025e-01 1.009908357206044327e+00
9.976508370810552861e-01 1.006850410744062563e+00 1.018240273930406614e+00 1.010483370459376751e+00 1.005363522609503013e+00 1.002078715778766060e+00 1.005279006057286706e+00 1.007954801167894932e+00 9.989287060902446447e-01 1.009916832193515468e+00
9.976389250049315649e-01 1.006802201592933876e+00 1.018133099357000582e+00 1.010416093521633085e+00 1.005322971431711343e+00 1.002106342712122400e+00 1.005056979965984532e+00 1.007774803217700965e+00 9.989713859490449988e-01 1.009245666798032959e+00
9.976354392827961881e-01 1.006832945897205844e+00 1.018024917336845192e+00 1.010347648547042843e+00 1.005287348294745531e+00 1.001444811728170015e+00 1.004945954108684258e+00 1.007670806922993600e+00 9.989855333099632029e-01 1.009732087894633423e+00
9.976370998965335968e-01 1.006691260718177716e+00 1.017918244015198814e+00 1.010280244588170007e+00 1.005273396643878270e+00 1.001649311474246407e+00 1.004915001835029686e+00 1.007625381788794128e+00 9.989037410233012615e-01 1.009514311031113554e+00
9.976413577119598308e-01 1.006463822857215806e+00 1.017813497899684450e+00 1.010214272599393670e+00 1.005357391477321061e+00 1.001631554617913089e+00 1.004946142941975928e+00 1.007737540523673259e+00 9.988256372646945325e-01 1.008619109930118274e+00
9.976418072272914550e-01 1.007990796384360843e+00 1.017711223613489979e+00 1.010150331209913155e+00 1.005421375846065279e+00 1.001610249324494495e+00 1.004841693630654786e+00 1.007537510205552600e+00 9.987606822809038665e-01 1.011518733779353640e+00
9.976376996223962346e-01 1.007939192116340976e+00 1.017609736200259851e+00 1.010086708185693238e+00 1.005267026392531848e+00 1.001591099483254421e+00 1.004808545717219115e+00 1.007558312745055140e+00 9.987459182713775974e-01 1.011408680299635598e+00
9.976364258721069911e-01 1.007829322044176301e+00 1.017508570872323048e+00 1.010023225882495934e+00 1.005091049816722704e+00 1.001544999194375674e+00 1.004789876961278194e+00 1.007433635239381120e+00 9.986786389421471455e-01 1.011557282181908546e+00
9.976369791001743481e-01 1.007752590517482894e+00 1.017407776324830815e+00 1.009960071988395214e+00 1.005035997317647034e+00 1.001322747555973613e+00 1.004827999582794451e+00 1.007432621258652183e+00 9.987347140490311359e-01 1.011464527968782168e+00
9.976247568186565884e-01 1.007910001447372528e+00 1.017307905141047408e+00 1.009897167486625058e+00 1.004999129239792399e+00 1.002087513536900509e+00 1.004771766254289433e+00 1.007363703210697903e+00 9.988591530918667916e-01 1.012566996226531124e+00
9.976147403340577258e-01 1.007862357140141496e+00 1.017210536623115669e+00 1.009836370911884940e+00 1.004962678927130870e+00 1.001273934519915754e+00 1.004580874677546420e+00 1.007130566393888760e+00 9.989089829768079687e-01 1.012352626341291639e+00
9.976101687635914317e-01 1.007740209263541464e+00 1.017112240759155739e+00 1.009774543525114421e+00 1.004937504098054823e+00 1.000613822884001136e+00 1.004485543277197523e+00 1.006981256478006737e+00 9.989510027299087769e-01 1.011956852742424751e+00
9.976107546464481057e-01 1.007667696402524404e+00 1.017015261786943237e+00 1.009713613676541000e+00 1.004924317364736641e+00 1.000336450138067157e+00 1.004467203404240783e+00 1.006829273307448647e+00 9.989132528584301340e-01 1.011761421449531850e+00
9.976078828178193136e-01 1.007573957951324539e+00 1.016919978181249906e+00 1.009653931182314945e+00 1.005011749038666746e+00 1.000323905256070400e+00 1.004506894800092365e+00 1.006894047801182968e+00 9.988938454205193995e-01 1.011249767544769806e+00
9.976066471426108251e-01 1.006337707025101169e+00 1.016826991468105845e+00 1.009596025160094612e+00 1.005071244966001753e+00 1.000310110393197505e+00 1.004423019190758604e+00 1.006742336172822938e+00 9.988960329414692252e-01 1.009423399259864684e+00
9.976044136584898414e-01 1.006275976342404510e+00 1.016734567562837421e+00 1.009538391916533939e+00 1.004931345044291824e+00 1.000297207813679812e+00 1.004395205470815178e+00 1.006655492370151839e+00 9.988465351368484013e-01 1.009400860184884952e+00
9.976037220568654273e-01 1.006317199253558003e+00 1.016642408258024988e+00 1.009480873725747685e+00 1.004759811026065375e+00 1.000291869765388642e+00 1.004383877610707021e+00 1.006666512281662929e+00 9.987264662220594058e-01 1.008958371555227718e+00
9.976011927363093168e-01 1.006337407310086585e+00 1.016550665466761316e+00 1.009423635119487850e+00 1.004716569951127347e+00 1.000328800436755206e+00 1.004375929967682435e+00 1.006514768779319891e+00 9.987023896805901080e-01 1.007633172572657498e+00
9.975890563994807003e-01 1.006558822205940062e+00 1.016459612063249196e+00 1.009366607717863129e+00 1.004683242398245246e+00 1.001388346231798288e+00 1.004330488548202061e+00 1.006467945181301005e+00 9.988342378463695992e-01 1.009713019299549153e+00
9.975806502692715627e-01 1.006519213013912895e+00 1.016370893238686790e+00 1.009311430108225771e+00 1.004650277162090433e+00 1.000978361123221916e+00 1.004161791373297419e+00 1.006353896942605353e+00 9.988758016077077251e-01 1.009590964711842176e+00
9.975791700089140512e-01 1.006445277784358439e+00 1.016281316627697606e+00 1.009255338547779157e+00 1.004627570592135699e+00 1.000348277883011283e+00 1.004080955636780015e+00 1.006222201013667439e+00 9.989348336721536326e-01 1.009245551846068567e+00
9.975804147100931774e-01 1.006340539672546441e+00 1.016192898213331697e+00 1.009200028499995794e+00 1.004616625048614376e+00 1.000032105361016832e+00 1.003377644509811262e+00 1.005407846733955779e+00 9.989413749334729031e-01 1.007179414986907107e+00
9.975218422209508606e-01 1.006185480918038833e+00 1.016091033311762981e+00 1.009116037151805978e+00 1.004471627180716808e+00 1.000020528988108781e+00 1.004087509755051011e+00 1.006368870986508179e+00 9.987883190341665385e-01 1.008820656083878387e+00
9.975170105710332580e-01 1.005851644665196609e+00 1.016006263350904826e+00 1.009063504179042559e+00 1.004526755495297685e+00 1.000009105673717258e+00 1.004020118980071929e+00 1.006154452113853681e+00 9.988078284820048891e-01 1.007227160751473782e+00
9.975144521037834222e-01 1.005803436566468756e+00 1.015921920586567495e+00 1.009011203111900068e+00 1.004488677792663820e+00 9.999982003882547099e-01 1.003996904262755230e+00 1.006153301780270848e+00 9.987463954546614842e-01 1.007252004004929313e+00
9.975145821940187840e-01 1.005632227606148232e+00 1.015837792718842891e+00 1.008958992326504989e+00 1.004313340207255933e+00 1.000010779595224886e+00 1.003987914966827821e+00 1.006251558791568357e+00 9.986103104440510192e-01 1.007985635303160432e+00
9.975135795040677156e-01 1.005495548137897099e+00 1.015754069200344389e+00 1.008907017710913623e+00 1.004276593802235551e+00 1.000148733072122598e+00 1.003944771742779407e+00 1.006058851472944937e+00 9.985633024177837935e-01 1.008263547782497493e+00
9.975019190560787674e-01 1.006006803121711313e+00 1.015670886251686111e+00 1.008855218301700774e+00 1.004247003271594219e+00 1.001197924217902990e+00 1.003909360887887514e+00 1.006016816162177419e+00 9.986839259481055109e-01 1.010185558502364023e+00
9.974949686322172049e-01 1.005970940301295746e+00 1.015589845146366299e+00 1.008805059443034002e+00 1.004217722837579485e+00 1.000711807353868110e+00 1.003768691277101777e+00 1.005916185273743713e+00 9.987226725205862188e-01 1.010102813514913045e+00
9.974905380312190095e-01 1.005929092529545432e+00 1.015508003442143981e+00 1.008754072524194578e+00 1.004197184475997373e+00 1.000201604912640319e+00 1.003708778004652524e+00 1.005815475906392420e+00 9.987712623867712747e-01 1.009906167603515259e+00
9.974923629405763048e-01 1.005921089653809553e+00 1.015427186909245938e+00 1.008703772199440740e+00 1.004190184493362947e+00 9.998527615716872319e-01 1.003713070362155291e+00 1.005679066821613121e+00 9.987483568290352887e-01 1.009907698404387322e+00
9.975018168228367843e-01 1.005872709817587474e+00 1.015347527192605792e+00 1.008654294442076660e+00 1.004284688040126605e+00 9.998430038696785038e-01 1.003761348704514944e+00 1.005959503934483967e+00 9.987609376112748238e-01 1.009647389667283512e+00
9.975024602896567227e-01 1.006393345621787727e+00 1.015269935534552470e+00 1.008606340989218308e+00 1.004340677994409292e+00 9.998331897771418619e-01 1.003704799198364306e+00 1.005705808477325158e+00 9.987863050963315947e-01 1.010020833448362687e+00
9.975044869743036058e-01 1.006351678677601447e+00 1.015192687903906821e+00 1.008558591137900251e+00 1.004223097085081173e+00 9.998235940918533959e-01 1.003687957461781188e+00 1.005461931760946559e+00 9.987174204802398148e-01 1.009958881221996396e+00
9.975052934712902442e-01 1.006382972477371185e+00 1.015115620666150908e+00 1.008510919241339066e+00 1.004062935087279396e+00 9.998439191427987982e-01 1.003683447376650717e+00 1.005424459659622238e+00 9.985617438454997830e-01 1.009621422764191312e+00
9.974937502555767388e-01 1.006394692237389421e+00 1.015038928310439070e+00 1.008463452911212865e+00 1.004039729574591311e+00 1.000823872417838212e+00 1.003597854165701353e+00 1.005343088366671189e+00 9.980377377215461365e-01 1.008652256221939103e+00
9.974889728137317224e-01 1.006518239810346049e+00 1.014963921773724520e+00 1.008417140436456361e+00 1.004012694294996511e+00 1.000975844037375717e+00 1.003462543565406095e+00 1.005243705967834744e+00 9.980834384472871967e-01 1.004277107939830715e+00
9.974893542613658681e-01 1.006534165821112881e+00 1.014888187755864202e+00 1.008370096449888065e+00 1.003987956364133183e+00 1.000030852257605352e+00 1.003408238714606604e+00 1.005199609068458955e+00 9.981311708744737832e-01 1.006377323202879648e+00
9.974895276704303093e-01 1.006541419092042977e+00 1.014813373810795616e+00 1.008323664178164769e+00 1.003981879824087153e+00 1.000111694578402322e+00 1.003413178168302222e+00 1.005214981119698425e+00 9.981058602824275372e-01 1.007251083122266966e+00
9.974804378212739353e-01 1.006646456239386200e+00 1.014739571164402276e+00 1.008277964887697831e+00 1.004069663539161494e+00 1.000101386897182643e+00 1.003465594614958212e+00 1.005391510695607504e+00 9.980999215312941208e-01 1.008680687993442682e+00
9.974771116344274269e-01 1.006510336116686943e+00 1.014667661443894753e+00 1.008233617141720329e+00 1.004123719919471469e+00 1.000091165942564864e+00 1.003415534068754056e+00 1.005180646643062392e+00 9.981033750296307572e-01 1.008329937484494954e+00
9.974812203077007000e-01 1.006444946490540726e+00 1.014596048027478714e+00 1.008189455014486313e+00 1.004012693051824057e+00 1.000081087416234471e+00 1.003401295852399011e+00 1.004954565510458586e+00 9.980817001972753788e-01 1.008576687831971963e+00
9.974821261208585144e-01 1.006400445367374941e+00 1.014524596196079820e+00 1.008145366664785714e+00 1.003876450321736113e+00 1.000071995516089718e+00 1.003334873319094545e+00 1.004731674993444956e+00 9.980301391319241766e-01 1.008582466312368586e+00
9.974789175301483901e-01 1.006334355694996407e+00 1.014453491820010766e+00 1.008101464013532178e+00 1.003843134052051056e+00 1.000061033019100432e+00 1.003356570897693700e+00 1.004605698761610766e+00 9.981179226225069812e-01 1.008745838238252812e+00
9.974686131748699003e-01 1.005842453510446211e+00 1.014382555933895480e+00 1.008057547753877126e+00 1.003818125868778166e+00 1.001090613216908398e+00 1.003327313407435417e+00 1.004578324690855284e+00 9.982522222643652743e-01 1.007802882530218103e+00
9.974632029425245516e-01 1.005698066715579042e+00 1.014313587392754012e+00 1.008015068148752080e+00 1.003793361717498334e+00 1.000196401772402544e+00 1.003208700917357588e+00 1.004436792105644294e+00 9.982853697844340513e-01 1.008142251636148234e+00
9.974588970605685612e-01 1.005635480263914472e+00 1.014243957871891588e+00 1.007971942001332222e+00 1.003773776312672616e+00 9.992984009984975380e-01 1.002638535657430774e+00 1.003851520535569142e+00 9.983009576184571632e-01 1.006567344587054436e+00
9.974549735072084644e-01 1.005480656660458827e+00 1.014174786970450937e+00 1.007920183804615011e+00 1.003722555698302710e+00 1.000116986316727186e+00 1.003174032720753006e+00 1.004583907158359546e+00 9.982225724449561577e-01 1.007477781557794438e+00
9.974657402234590187e-01 1.005313708065201039e+00 1.014106865061772833e+00 1.007878278837593289e+00 1.003804153214871375e+00 1.000107338153571668e+00 1.003215082432884486e+00 1.004768789419843600e+00 9.982425267983948691e-01 1.006813394142590301e+00
9.974663837105727238e-01 1.006211032695991214e+00 1.014040648244780130e+00 1.007837568983690701e+00 1.003856484314080477e+00 1.000097793440821725e+00 1.003175548542635687e+00 1.004759643920230872e+00 9.982600946015732779e-01 1.008848020727934669e+00
9.974637852556259565e-01 1.006199773709136824e+00 1.013974687505290850e+00 1.007797024231566363e+00 1.003748469179815972e+00 1.000088363821085347e+00 1.003164269038334888e+00 1.004666516439542745e+00 9.982208441088231687e-01 1.008742716488097990e+00
9.974647694909789530e-01 1.006197586630181329e+00 1.013908867860885854e+00 1.007756545104126822e+00 1.003626262308232819e+00 1.000079447238476638e+00 1.003109116790512623e+00 1.004456770815651989e+00 9.981355517800288846e-01 1.008551714026279411e+00
9.974662435511405523e-01 1.006152595173073427e+00 1.013843360448137387e+00 1.007716229933855345e+00 1.003598883189551705e+00 1.000082066133911818e+00 1.003080690508183492e+00 1.004253869548388467e+00 9.981526714906969744e-01 1.008649974425756213e+00
9.974567197653519957e-01 1.006324666575304283e+00 1.013777976537611147e+00 1.007675900705622407e+00 1.003576063423287090e+00 1.000865945988950179e+00 1.003058267115516378e+00 1.004238552240722449e+00 9.982884536889186089e-01 1.009363102697987680e+00
9.974525304942383208e-01 1.006259510777645527e+00 1.013714371182414808e+00 1.007636845675804471e+00 1.003553458737642901e+00 1.000544420082149166e+00 1.002964886522355714e+00 1.004261017164706615e+00 9.983203618765712495e-01 1.009410832663870217e+00
9.974516051096109504e-01 1.006220315241713958e+00 1.013650169605193829e+00 1.007597216669760209e+00 1.003535617930806589e+00 1.000467418087144900e+00 1.002926969144054770e+00 1.004377156816741223e+00 9.983641768635799219e-01 1.009197750311843889e+00
9.974604976134764378e-01 1.006174829360395151e+00 1.013586492894355207e+00 1.007557935075036992e+00 1.003533844775055917e+00 1.000784259894384132e+00 1.002937180212642998e+00 1.004525512986737645e+00 9.983657014385921569e-01 1.009193194363826374e+00
9.985725162605393335e-01 1.006146312825719535e+00 1.013523808857186070e+00 1.007519363264712586e+00 1.003610216571719116e+00 1.000772696377547177e+00 1.002984967832093011e+00 1.004783316285912331e+00 9.983961157982269574e-01 1.009063120404545266e+00
1.000484164062922954e+00 1.005846517021056652e+00 1.013462653486257636e+00 1.007481846936440606e+00 1.003659485930267881e+00 1.000761252574170479e+00 1.002952443710095620e+00 1.004842929028888499e+00 9.984186559477006284e-01 1.008929953092043474e+00
1.000804312140794572e+00 1.005800357250502097e+00 1.013401724354887845e+00 1.007444479810349014e+00 1.003557968598379313e+00 1.000749929048903031e+00 1.002945746449906972e+00 1.004828209589412547e+00 9.983563825353262144e-01 1.008987473016600633e+00
1.000794018378885264e+00 1.005709365311958425e+00 1.013340921059540767e+00 1.007407173800888733e+00 1.003748652524805385e+00 1.000720117914231988e+00 1.002863790878143480e+00 1.004762956169670485e+00 9.977411348733838947e-01 1.008600086647885252e+00
1.000894398836734700e+00 1.005693609637898556e+00 1.013270612138226889e+00 1.007354717433043723e+00 1.003799452958054728e+00 1.000692049133743211e+00 1.002803730491503176e+00 1.004502330624008843e+00 9.982784185513563502e-01 1.009208020814571283e+00
1.001635889886451691e+00 1.005316936502741454e+00 1.013210212862519333e+00 1.007317595399649601e+00 1.003749672314333319e+00 1.000993639483763520e+00 1.002783825689796737e+00 1.004472396229762809e+00 9.983208989484768647e-01 1.008670125249167882e+00
1.002204996984356944e+00 1.005270754226626595e+00 1.013151418422945982e+00 1.007281607161646164e+00 1.003727500839329156e+00 1.000447527684073190e+00 1.002696534385924432e+00 1.004321752713950744e+00 9.983416651680890874e-01 1.008696227387682276e+00
1.002305788901988182e+00 1.005345691642820727e+00 1.013092084940306892e+00 1.007245107955131003e+00 1.003707365166057297e+00 9.998509730902944703e-01 1.002660516478303121e+00 1.004212962066324044e+00 9.983793715004194436e-01 1.009067169190618340e+00
1.002288893983015461e+00 1.005310801131020115e+00 1.013033216406436843e+00 1.007208917905834333e+00 1.003663636051891794e+00 9.999359218821555206e-01 1.002675719102836593e+00 1.004223362391367891e+00 9.983885387690496493e-01 1.009051862750563799e+00
1.002385168927919734e+00 1.005275280177920783e+00 1.012975238916368426e+00 1.007173360907895887e+00 1.003590305619599832e+00 9.999144517335185611e-01 1.002723921433723575e+00 1.003752607481950054e+00 9.984129394667186075e-01 1.008899346787716311e+00
1.002773119675614444e+00 1.004629362083080624e+00 1.012918632825975607e+00 1.007138741668918813e+00 1.003586490101336048e+00 9.999068079731660008e-01 1.002981691494252425e+00 1.004634960209162431e+00 9.984846058528664692e-01 1.009007608715671855e+00
1.003013045895069455e+00 1.003914282470958819e+00 1.012862566474991954e+00 1.007104443425921536e+00 1.003579499594883018e+00 9.998992486941272739e-01 1.002898923711010193e+00 1.004509001215481812e+00 9.984188491858738690e-01 1.007979909649108885e+00
1.003075833423656693e+00 1.003914709658944471e+00 1.012806617068638726e+00 1.007070246352411713e+00 1.003459941907989483e+00 9.998985553187522690e-01 1.002894637024234203e+00 1.004461331898500287e+00 9.983983771728263124e-01 1.007920700804805003e+00
1.003056718334117914e+00 1.003886608747510900e+00 1.012750775975719719e+00 1.007036102440624026e+00 1.003286705034474036e+00 9.998772929569775814e-01 1.002858964175874723e+00 1.004308539871586525e+00 9.983481244563142676e-01 1.007905456798689592e+00
1.003112052078231065e+00 1.003891539017844003e+00 1.012695020517638822e+00 1.007001999043188656e+00 1.003268149492849703e+00 1.000620448701443177e+00 1.002800288930487005e+00 1.004265001467083085e+00 9.979220131955041095e-01 1.007457529016542175e+00
1.003375295314838267e+00 1.003874082601367901e+00 1.012640496017498837e+00 1.006968693782674951e+00 1.003248725911751071e+00 1.000641404017472702e+00 1.002698225815191080e+00 1.004195476170699264e+00 9.979718234964131129e-01 1.007315549376083696e+00
1.003425648765838840e+00 1.003876891568283414e+00 1.012585492405099430e+00 1.006934940963686298e+00 1.003229987040209270e+00 9.995948031932414546e-01 1.002642306637042235e+00 1.004093579288634963e+00 9.979881075793970435e-01 1.007516527845760290e+00
1.003405573235226056e+00 1.003918322969358679e+00 1.012530903918596792e+00 1.006901464680641789e+00 1.003219444003268679e+00 9.992505111782846727e-01 1.002632671964341027e+00 1.004056700392544688e+00 9.979302353265925296e-01 1.007801569029816768e+00
1.003410202297015941e+00 1.003970312096383211e+00 1.012477114388942612e+00 1.006868551978319593e+00 1.003186440141798030e+00 9.992456574186705520e-01 1.002646220098111440e+00 1.003677327064953939e+00 9.978427957967569428e-01 1.007902806482036562e+00
1.003462369419609201e+00 1.003960214996834521e+00 1.012424621162375971e+00 1.006836495886535676e+00 1.003229431637297164e+00 9.992408634086913377e-01 1.002887343495299399e+00 1.004492313582348917e+00 9.980512313420514259e-01 1.008104593815108529e+00
1.003518822595825810e+00 1.003858827697762468e+00 1.012372604932599840e+00 1.006804724219888980e+00 1.003241894435352721e+00 9.992361283599465738e-01 1.002785378078278722e+00 1.004070678857317045e+00 9.978650424404051922e-01 1.007267240373233452e+00
1.003546166669738504e+00 1.003799769622690796e+00 1.012320632411317867e+00 1.006773022944656315e+00 1.003176279450051389e+00 9.992359358621785148e-01 1.002779418364405650e+00 1.004029143460832607e+00 9.978927391814085279e-01 1.007410242652626131e+00
1.003527064920818335e+00 1.003777558118252200e+00 1.012268760621042762e+00 1.006741373258980721e+00 1.003358646263213361e+00 9.992532732772815285e-01 1.002712703150816509e+00 1.004144954266106504e+00 9.978540879549240294e-01 1.006863552867325762e+00
1.003544741301668930e+00 1.003765543587350706e+00 1.012210277337838971e+00 1.006700900013170363e+00 1.003400436247715799e+00 9.992331142377397502e-01 1.002665500196664894e+00 1.003981933118707426e+00 9.979923550832413559e-01 1.007272596364823691e+00
1.003699730798297995e+00 1.003518784293091048e+00 1.012158542151967433e+00 1.006669283606084875e+00 1.003368691924806155e+00 9.995464389307942010e-01 1.002644175616840494e+00 1.003962586551598646e+00 9.980201925124883022e-01 1.006686249735383454e+00
1.003819988986161205e+00 1.003483387118742076e+00 1.012108264310841665e+00 1.006638659741834863e+00 1.003349885139529274e+00 9.997933502752001100e-01 1.002543950936106487e+00 1.003931998184189656e+00 9.980651897332039058e-01 1.006711884435975035e+00
1.003830175056231289e+00 1.003594423893520160e+00 1.012057557852042100e+00 1.006607640819510152e+00 1.003331449897441718e+00 9.993602345064913628e-01 1.002482068016112171e+00 1.003894033564562083e+00 9.980615259347506152e-01 1.007215531484865201e+00
1.003810163720828763e+00 1.003685524974675891e+00 1.012007219544763137e+00 1.006576867120656082e+00 1.003290413079791721e+00 9.994645548541848390e-01 1.002463121393298850e+00 1.003895221545314076e+00 9.979866596101630849e-01 1.007647831747792377e+00
1.003819890554016325e+00 1.003679782181158275e+00 1.011957594201653654e+00 1.006546593375312604e+00 1.003308186127932045e+00 9.994612826188922217e-01 1.002456090832094082e+00 1.004082837944679341e+00 9.978852297698352913e-01 1.007625363562667298e+00
1.003829218407453983e+00 1.003998473041794348e+00 1.011909179758991195e+00 1.006517097619580747e+00 1.003258920558654843e+00 9.994561552249818792e-01 1.002401624747876641e+00 1.003877334005577548e+00 9.978437213110235016e-01 1.007534410803959446e+00
1.003829339122469744e+00 1.004016350403531099e+00 1.011860808855719496e+00 1.006487668289502757e+00 1.003129396950795060e+00 9.994520317487627370e-01 1.002398888299460999e+00 1.003936797595778030e+00 9.978465713427699946e-01 1.007420827247406114e+00
1.003809480516578034e+00 1.003996105085555479e+00 1.011812531691655748e+00 1.006458288323691219e+00 1.002955149400693191e+00 9.994450137615854546e-01 1.002331712311144596e+00 1.003778701536490514e+00 9.978374533223425269e-01 1.007422951347485718e+00
1.003827822761026667e+00 1.003955628799075628e+00 1.011764185687472839e+00 1.006428870425965183e+00 1.002938494388442736e+00 1.000278344981412770e+00 1.002295070928802545e+00 1.003758956345970565e+00 9.975765678911840961e-01 1.007340266224010517e+00
1.003886354129068792e+00 1.004071356404985460e+00 1.011716968989170073e+00 1.006400159759693214e+00 1.002921855680498187e+00 1.000314500561551467e+00 1.002215068628736327e+00 1.003663332749082926e+00 9.976174267810207219e-01 1.006325243222207844e+00
1.003885131133003039e+00 1.003925537545079738e+00 1.011669377270736803e+00 1.006371105538624633e+00 1.002905414609145174e+00 9.998173140602064635e-01 1.002176249367400684e+00 1.003722091098866454e+00 9.976222243740866524e-01 1.005989324497816861e+00
1.003865439953530947e+00 1.003880469864637082e+00 1.011625116018475490e+00 1.006342274759490563e+00 1.002898252315405969e+00 1.000070808967243430e+00 1.002180585492855158e+00 1.003802375594862850e+00 9.975711632228387860e-01 1.006286304007256049e+00
1.003853930264392513e+00 1.003902878345483751e+00 1.011581489523292410e+00 1.006313893659478653e+00 1.002921628911698004e+00 1.000055908195321752e+00 1.002195136971620659e+00 1.003202887432328438e+00 9.975010366656669181e-01 1.006511577301255400e+00
1.003827627943637779e+00 1.003912739919699426e+00 1.011535947516343681e+00 1.006286206599276589e+00 1.002933024954669072e+00 1.000049126828393975e+00 1.002457553024896031e+00 1.004125464917880795e+00 9.978199410007525527e-01 1.006815323038738219e+00
1.003801621985529469e+00 1.003837278658131327e+00 1.011493783248317069e+00 1.006258747496605377e+00 1.002907935352288282e+00 1.000042411757159799e+00 1.002355105780953215e+00 1.003774704307871524e+00 9.976003364390290118e-01 1.005954842440738295e+00
1.003796022607822191e+00 1.003785582062131976e+00 1.011451583214873384e+00 1.006231335790469084e+00 1.002858687782499425e+00 1.000040063468846663e+00 1.002352117218306748e+00 1.003832095151157011e+00 9.976537660726815249e-01 1.006169035780166920e+00
1.003777776280796008e+00 1.003784283875270411e+00 1.011409445114596517e+00 1.006203972772191868e+00 1.003035496214001565e+00 1.000015440407236778e+00 1.002300697188586387e+00 1.003751119207859421e+00 9.977163515549587469e-01 1.005608899154897706e+00
1.003783316575908025e+00 1.003783503641617170e+00 1.011361905191891841e+00 1.006170978633442070e+00 1.003070364497322675e+00 1.000004396779266225e+00 1.002235691233246184e+00 1.003651042957899753e+00 9.977935786691078945e-01 1.006002590213789238e+00
1.003855113460236703e+00 1.003729870970881066e+00 1.011319674945942326e+00 1.006143560841322948e+00 1.003047984602801534e+00 1.000272795637063394e+00 1.002220405940877912e+00 1.003634477220422427e+00 9.978102453824543305e-01 1.005214164174402125e+00
1.003872037101478432e+00 1.003610724500581641e+00 1.011278782831615652e+00 1.006117017598000096e+00 1.003031773055253151e+00 1.000275768523320785e+00 1.002138565621545796e+00 1.003559793793832311e+00 9.978542304276863950e-01 1.005617963647637891e+00
1.003865494536205993e+00 1.003634820488253032e+00 1.011237533783443832e+00 1.006090173442042213e+00 1.003015714914471612e+00 9.997129474296708729e-01 1.002090372247440353e+00 1.003518366953707552e+00 9.978502982220597284e-01 1.005945897845096582e+00
1.003846768202465212e+00 1.003696837223852167e+00 1.011194859912843524e+00 1.006063528927382045e+00 1.002978930823889003e+00 9.994204959210750694e-01 1.002080168315350850e+00 1.003416690773612840e+00 9.977734200524029928e-01 1.006517015922517633e+00
1.003830666810725303e+00 1.003677548155361920e+00 1.011152751834307306e+00 1.006037284356227524e+00 1.002950404749569646e+00 9.994103004643672961e-01 1.002068374257467642e+00 1.002801993635646705e+00 9.976587987014465808e-01 1.006519856013273984e+00
1.003791788680221009e+00 1.003870874784670297e+00 1.011111631530339672e+00 1.006011668703594708e+00 1.002908961391090870e+00 9.994059967371470288e-01 1.002322063654888185e+00 1.003567478221322640e+00 9.979671604603980173e-01 1.007006144447376794e+00
1.003756688815872211e+00 1.003775340703920271e+00 1.011070004640400644e+00 1.005986255330446832e+00 1.002841051643787118e+00 9.994017392496644669e-01 1.002215730907402902e+00 1.003211649675678441e+00 9.977414109459086244e-01 1.006416499772920359e+00
1.003734927857387271e+00 1.003777644240637867e+00 1.011029182608764510e+00 1.005960873902606911e+00 1.002774346257492954e+00 9.994033053868316419e-01 1.002213852350143375e+00 1.003318927264106541e+00 9.977637148424168823e-01 1.006362039790030138e+00
1.003716214591834355e+00 1.003815272876772191e+00 1.010988441465123344e+00 1.005935538441123267e+00 1.002590849508497417e+00 9.994132811044953435e-01 1.002121273752302422e+00 1.003298914327755753e+00 9.978087088687312978e-01 1.006186400248345381e+00
1.003729925673110923e+00 1.003813844416387102e+00 1.010949190592210778e+00 1.005910114275345935e+00 1.002572093301999478e+00 9.994754349134608029e-01 1.002123889353827124e+00 1.003281560061354494e+00 9.980489067835656147e-01 1.006199729231617601e+00
1.003796450837433074e+00 1.004200231522326625e+00 1.010908403360299523e+00 1.005884721373381474e+00 1.002558036345159165e+00 1.000276345888782892e+00 1.002108654243518693e+00 1.003271712745539945e+00 9.981404435926589658e-01 1.007122584607666793e+00
1.003791463333768785e+00 1.004154508942009638e+00 1.010868774596241249e+00 1.005860102343165696e+00 1.002544088527488997e+00 1.000102843121114082e+00 1.002030916544887296e+00 1.003294212788343076e+00 9.981734349241866422e-01 1.007168045740516771e+00
1.003770223120465710e+00 1.004073271654265076e+00 1.010828867128616748e+00 1.005835221871645091e+00 1.002532530746217176e+00 9.999137679510230470e-01 1.001983263895509069e+00 1.003346273547473633e+00 9.981546591960784864e-01 1.006982243989927417e+00
1.003752804856120395e+00 1.004008888653813658e+00 1.010788418041034697e+00 1.005810520530130647e+00 1.002529329531917757e+00 9.998898845693509063e-01 1.001969523072395063e+00 1.003361299097745851e+00 9.980867221278357793e-01 1.007013074682745479e+00
1.003744610984532493e+00 1.003944989795426457e+00 1.010748474818020659e+00 1.005786175067721722e+00 1.002596752092909771e+00 9.998864747183505708e-01 1.001941910857828688e+00 1.003459378438517735e+00 9.979969200715336219e-01 1.006796317632271176e+00
1.003713546928045153e+00 1.004091501689084787e+00 1.010706218885272900e+00 1.005762397419988963e+00 1.002632366596332814e+00 9.998810165232396852e-01 1.001889327212170722e+00 1.003317214286544745e+00 9.979964470885913652e-01 1.006889553270913451e+00
1.003698281883375509e+00 1.004064349857564986e+00 1.010664364782770219e+00 1.005738653369596003e+00 1.002542783429817064e+00 9.998766488394925656e-01 1.001890022211921805e+00 1.003413619171326987e+00 9.979763779308765681e-01 1.006921071258442879e+00
1.003681134346467774e+00 1.003989502682626656e+00 1.010622613384950075e+00 1.005714954961967500e+00 1.002395132055366789e+00 9.998753949296502741e-01 1.001808087712845463e+00 1.003373645099125966e+00 9.979245598446129240e-01 1.007000902882165150e+00
1.003677288050590422e+00 1.003957682856913891e+00 1.010584331471209074e+00 1.005691182759524294e+00 1.002379791071938309e+00 9.999160208043128550e-01 1.001772852621370724e+00 1.003197644779089348e+00 9.980416283527693277e-01 1.007048617934173773e+00
1.003706674263901366e+00 1.003646782555143835e+00 1.010545380020445805e+00 1.005667442338408213e+00 1.002366887002455353e+00 1.000413777742829691e+00 1.001762430944665105e+00 1.003184677822811066e+00 9.981051839634721423e-01 1.006427446795116198e+00
1.003688970396029667e+00 1.003618559691789036e+00 1.010507458702370798e+00 1.005644390552817624e+00 1.002354080616702392e+00 1.000063942337262812e+00 1.001710950919771692e+00 1.003171906540392344e+00 9.981204810538543137e-01 1.006490251354470233e+00
1.003675530837056407e+00 1.003634014041899114e+00 1.010469304726128614e+00 1.005621112722587140e+00 1.002343682303472594e+00 9.999877054750047067e-01 1.001690237913550163e+00 1.003233329689798836e+00 9.981347336451283914e-01 1.006580900088052344e+00
1.003658868726283959e+00 1.003609373421457507e+00 1.010431020941996216e+00 1.005597997812091471e+00 1.002348662412119840e+00 9.999025645470746015e-01 1.001702788998946492e+00 1.003221897791514383e+00 9.981279370022503317e-01 1.006680218826780493e+00
1.003645873177281267e+00 1.003570328506074194e+00 1.010393195182377468e+00 1.005575202205675200e+00 1.002432875804805557e+00 9.998978154119858575e-01 1.001701632379538021e+00 1.003396457978924738e+00 9.981307989668627423e-01 1.006472262818950192e+00
1.003611663949707689e+00 1.004238795655804983e+00 1.010357663069225254e+00 1.005552912032954271e+00 1.002476955001101455e+00 9.998926210683596327e-01 1.001658572337644104e+00 1.003306689793625139e+00 9.981586759592585567e-01 1.007561485908237797e+00
1.003590580824982537e+00 1.004237309763220454e+00 1.010322276178781564e+00 1.005530656791389754e+00 1.002401884282135613e+00 9.998877180178223911e-01 1.001661652741365094e+00 1.003357334698131265e+00 9.981258926139855436e-01 1.007473313420002015e+00
1.003574194692870680e+00 1.004219061981972416e+00 1.010286960699884107e+00 1.005508446845462034e+00 1.002272395418615458e+00 9.998888117754567428e-01 1.001587730674935450e+00 1.003355789956787758e+00 9.980551597936423436e-01 1.007448864235117592e+00
1.003575459003420933e+00 1.004201520859366425e+00 1.010250275217409177e+00 1.005486176316962688e+00 1.002258774603973945e+00 9.999176194730539091e-01 1.001520788997988909e+00 1.003420795443172864e+00 9.981323107222366264e-01 1.007439734885321236e+00
1.003580834091712726e+00 1.004390460023981246e+00 1.010213342193186925e+00 1.005463938133860813e+00 1.002246738202825282e+00 1.000412491300469497e+00 1.001513194070215773e+00 1.003403371825672075e+00 9.981671713761429698e-01 1.007777434887572321e+00
1.003555739775814137e+00 1.004370689541284500e+00 1.010177328180264844e+00 1.005442313166316159e+00 1.002234790521686847e+00 1.000078826638216123e+00 1.001480609793511611e+00 1.003371251011656584e+00 9.981685487201643614e-01 1.007746913461855076e+00
1.003533219264808762e+00 1.004320941726457583e+00 1.010141118326846055e+00 1.005420493385015490e+00 1.002224800123663551e+00 9.997668825721542918e-01 1.001477317900094421e+00 1.003321890292815377e+00 9.981785643344317505e-01 1.007590101942838157e+00
1.003518041017821494e+00 1.004253370061491069e+00 1.010104970801598112e+00 1.005398822177520302e+00 1.002230531657235080e+00 9.992617141592029517e-01 1.000737214392621199e+00 1.002682949694366554e+00 9.982409448573890121e-01 1.006979127570046151e+00
1.003543336786296702e+00 1.004178273331395754e+00 1.010063529774322566e+00 1.005364493832226147e+00 1.002181688996744757e+00 9.992586149701052634e-01 1.001436935727867183e+00 1.003198124874564945e+00 9.981702110388362970e-01 1.007156727401500973e+00
1.003506803417775206e+00 1.003998981334079499e+00 1.010029255859517860e+00 1.005343597069101147e+00 1.002222082158967797e+00 9.992555481793176098e-01 1.001404351564588069e+00 1.003111503254656922e+00 9.982072048947735476e-01 1.007128365094849931e+00
1.003486464341096562e+00 1.004015569713127221e+00 1.009995045358390353e+00 1.005322735193245665e+00 1.002216586736407455e+00 9.992526849867944261e-01 1.001410234968090451e+00 1.003016711664821869e+00 9.981657435701308811e-01 1.006945673566494559e+00
1.003471316400322610e+00 1.004037535174588935e+00 1.009960913160548035e+00 1.005301917219769248e+00 1.002090653718230806e+00 9.992868363152863642e-01 1.001345980840597116e+00 1.002862922705438642e+00 9.980689554255754992e-01 1.006776999393532490e+00
1.003454526822853854e+00 1.004055373652149807e+00 1.009926075898106568e+00 1.005281048589325321e+00 1.002078409667682690e+00 9.994170818864006600e-01 1.001248189102019071e+00 1.002670436013224808e+00 9.980802364309170338e-01 1.006521084772626695e+00
1.003444601138027581e+00 1.003726293988314922e+00 1.009891190003251227e+00 1.005260211778998825e+00 1.002067355496021106e+00 1.000187618599226003e+00 1.001243595890366711e+00 1.002661016770028279e+00 9.981116065128414760e-01 1.005515191120720520e+00
1.003415300736256288e+00 1.003711236697256703e+00 1.009857130325752417e+00 1.005239924489648606e+00 1.002056380939685187e+00 9.997459734478079119e-01 1.001236211589739300e+00 1.002671602857894806e+00 9.981125778063439924e-01 1.005607358583263000e+00
1.003401176803117023e+00 1.003701481321445543e+00 1.009822902401700251e+00 1.005219467254386378e+00 1.002046987985855786e+00 9.997436890086616179e-01 1.001256085601494261e+00 1.002775408351057163e+00 9.981391949496454252e-01 1.005656993942865896e+00
1.003386120454560881e+00 1.003699792683619973e+00 1.009788819669929838e+00 1.005199145655723880e+00 1.002052831818237788e+00 9.996536147812771222e-01 1.001321405246446306e+00 1.002814109233716167e+00 9.981635867725554556e-01 1.005886265305647287e+00
1.003362621271179034e+00 1.003746506590737608e+00 1.009755109499762993e+00 1.005179045795081327e+00 1.002086170298826628e+00 9.996445633447905710e-01 1.001320663359208663e+00 1.002464626870989362e+00 9.982170352570393090e-01 1.005886519063392548e+00
1.003317746940638022e+00 1.003404048139270088e+00 1.009722399730990983e+00 1.005159387147476657e+00 1.002150095080865055e+00 9.996406100125576621e-01 1.001607962903688476e+00 1.003209939626987346e+00 9.982852236873174245e-01 1.006083339335356097e+00
1.003284154903753889e+00 1.003066965455153392e+00 1.009689723865523581e+00 1.005139865052334436e+00 1.002143572500137747e+00 9.996366924080959393e-01 1.001514757980028536e+00 1.003069339488003919e+00 9.982224301169158043e-01 1.005201973847592134e+00
1.003265545662083813e+00 1.003067253885487897e+00 1.009657247530402868e+00 1.005120370593374890e+00 1.002120303261424317e+00 9.996353788879762670e-01 1.001519109207359870e+00 1.002970167249167321e+00 9.981906204008845762e-01 1.004990672673350627e+00
1.003251585133636770e+00 1.003067064981806977e+00 1.009624849074562958e+00 1.005100918672874766e+00 1.002009877896394396e+00 9.996442331716905993e-01 1.001462875679615339e+00 1.003017577865210841e+00 9.981211496100941272e-01 1.004873215439162637e+00
1.003236352119721841e+00 1.003040390082904576e+00 1.009592078887789457e+00 1.005081425760190772e+00 1.001998643780325882e+00 9.996839839210873713e-01 1.001368076121920581e+00 1.002990404175426731e+00 9.981370082634666296e-01 1.004934321269498776e+00
1.003216958556866434e+00 1.002967204335906581e+00 1.009559351746091682e+00 1.005061964294279520e+00 1.001988275152943419e+00 1.000237800617955530e+00 1.001360266630962892e+00 1.002975991744232909e+00 9.981852223985123729e-01 1.003733561308445488e+00
1.003184974595538126e+00 1.002956465593040525e+00 1.009527364080271772e+00 1.005042990726475960e+00 1.001977979040508115e+00 9.994349270304877519e-01 1.001328053833851151e+00 1.002883608706926610e+00 9.982004581769301499e-01 1.003951431807966532e+00
1.003167419253420789e+00 1.002983771539447400e+00 1.009495231884509181e+00 1.005023871246547129e+00 1.001968864467833953e+00 9.994384895265003843e-01 1.001317918579278654e+00 1.002918821667152738e+00 9.982066638042367268e-01 1.004383746377700337e+00
1.003153907304320969e+00 1.002979208760824470e+00 1.009463274567684588e+00 1.005004874917471369e+00 1.001973214603217643e+00 9.996769424893440226e-01 1.001345640175200780e+00 1.003015325779445854e+00 9.981888608897928616e-01 1.004775376865957304e+00
1.003140119051669110e+00 1.002899539409435992e+00 1.009431612478824958e+00 1.004986077694616009e+00 1.002038783478415906e+00 9.996743211143883645e-01 1.001313655367053412e+00 1.002961574600098604e+00 9.981845175398434966e-01 1.003898361364942593e+00
1.003113601680771350e+00 1.003631570148498575e+00 1.009400677487658493e+00 1.004967678680969589e+00 1.002084922745663631e+00 9.996705230405836806e-01 1.001281437102618854e+00 1.002709790379065380e+00 9.982019901950619500e-01 1.006048305310790925e+00
1.003100871679331929e+00 1.003572884191064940e+00 1.009369815844278540e+00 1.004949308827661314e+00 1.002021615261369680e+00 9.996673578431549689e-01 1.001287429750032931e+00 1.002705108256810140e+00 9.981620950165975836e-01 1.006140768819852926e+00
1.003088083310127887e+00 1.003486086842063418e+00 1.009339031002670861e+00 1.004930981125009559e+00 1.001927066283216261e+00 9.996535473597309984e-01 1.001238853317942157e+00 1.002562045312275663e+00 9.980676583212089170e-01 1.006325508060787799e+00
1.003062235539789793e+00 1.003451831561962271e+00 1.009308043043126046e+00 1.004912621582297216e+00 1.001917775613953232e+00 1.000148606919222694e+00 1.001445226361045604e+00 1.003305538046143308e+00 9.966634110360738097e-01 1.005738644083611133e+00
1.003062396003573387e+00 1.002912966166878528e+00 1.009060366738961489e+00 1.004624922750057658e+00 1.001904689317703934e+00 1.000008408469355903e+00 1.002660252592622703e+00 1.004190524160412101e+00 9.968500956834770443e-01 1.006241652414477272e+00
1.003047530402688903e+00 1.002862265085319393e+00 1.009030271980905669e+00 1.004607450003230928e+00 1.001895267752222374e+00 9.992756641737421397e-01 1.002607435450633799e+00 1.004138105640677736e+00 9.968581866997563434e-01 1.006111307288629853e+00
1.003034686470219761e+00 1.002739636843540616e+00 1.009000357785962088e+00 1.004590087647966312e+00 1.001898412260550986e+00 9.993537746115312981e-01 1.002573305511704538e+00 1.004112242786215248e+00 9.968311558519427074e-01 1.005850285454886084e+00
1.003009928744951651e+00 1.002632773160863744e+00 1.008970701920153923e+00 1.004572916297169716e+00 1.001919764114589606e+00 9.993468508561772490e-01 1.002494251227635136e+00 1.003785572619097621e+00 9.967605168218265366e-01 1.005191689486343298e+00
1.002973471073987266e+00 1.001683401710529164e+00 1.008941765371965449e+00 1.004556146170734188e+00 1.001975498897841321e+00 9.993441020953942600e-01 1.002622562521816363e+00 1.004251312374610405e+00 9.972863642967091380e-01 1.005236104312503764e+00
1.002942730783483061e+00 1.000634707824243463e+00 1.008913018253806859e+00 1.004539487272204434e+00 1.001972103010693171e+00 9.993413792481871116e-01 1.002529680151015068e+00 1.004022707643470680e+00 9.970071315567063941e-01 1.004047165828399146e+00
1.002923752595557660e+00 1.000451445304659792e+00 1.008884245934334345e+00 1.004522833664270642e+00 1.001948215185923141e+00 9.993410923304818505e-01 1.002474724499717196e+00 1.003984563745406788e+00 9.970708397228780218e-01 1.004362483215127666e+00
1.002911459213557732e+00 1.000335488413609308e+00 1.008855530344205720e+00 1.004506205035564870e+00 1.001864436496090249e+00 9.993299979540950506e-01 1.002392198903300224e+00 1.003993557379171842e+00 9.971992442587020999e-01 1.004670485940741820e+00
1.002899452256711177e+00 1.000167570942384954e+00 1.008826652359264164e+00 1.004489523376059124e+00 1.001854126440907544e+00 9.992073984734438641e-01 1.002152620360289736e+00 1.003790937800423055e+00 9.975191344089795464e-01 1.005052817393079057e+00
1.002874532623499348e+00 1.001396185200059241e+00 1.008797769371167163e+00 1.004472805046823014e+00 1.001844878672651040e+00 9.999282847365345006e-01 1.002133764051722498e+00 1.003766670691851770e+00 9.975712561753254937e-01 1.005788220777302344e+00
1.002841795703888206e+00 1.001394162554233747e+00 1.008769597493269554e+00 1.004456563251702628e+00 1.001835692411908285e+00 9.993864754651829996e-01 1.002034006929459542e+00 1.003662409364973529e+00 9.975786749793811303e-01 1.005735477683698864e+00
1.002819321457089963e+00 1.001172700805561755e+00 1.008741319999822750e+00 1.004440186445876293e+00 1.001827191421226448e+00 9.988484850522971747e-01 1.001973845982633726e+00 1.003585436924181007e+00 9.975651311108127972e-01 1.005469822976566618e+00
1.002808102417249492e+00 1.001201979091975725e+00 1.008713219012177920e+00 1.004423910312241430e+00 1.001828759495241972e+00 9.985930165128205083e-01 1.001934716921142776e+00 1.003500017803592659e+00 9.975012379935113138e-01 1.005461498074498028e+00
1.002810657475378564e+00 1.001162246604025752e+00 1.008685340953119347e+00 1.004407805980971569e+00 1.001882062202755330e+00 9.985943311934407651e-01 1.001859481392177065e+00 1.003479068812414443e+00 9.974338525702215463e-01 1.004991995803912186e+00
1.002788256924722621e+00 1.001605271235879613e+00 1.008658129664957492e+00 1.004392063576887484e+00 1.001919030736581062e+00 9.985937072120024682e-01 1.001829829235274971e+00 1.003437799840835476e+00 9.974280725332602682e-01 1.004977753044781652e+00
1.002763352788042406e+00 1.001658892367602416e+00 1.008630858310270328e+00 1.004376330052966670e+00 1.001861425118651061e+00 9.985940635676027188e-01 1.001802254983197749e+00 1.003450682766030999e+00 9.974238450990338123e-01 1.004847745632035938e+00
1.002751785491981185e+00 1.001813407969847969e+00 1.008603643325015842e+00 1.004360622657201496e+00 1.001788780196073869e+00 9.986057826443223151e-01 1.001751072098239659e+00 1.003425345120864343e+00 9.974279490191203523e-01 1.004500782096540368e+00
1.002755366962136963e+00 1.001860277075055983e+00 1.008576322704251460e+00 1.004344872289490098e+00 1.001779503731267118e+00 9.986862595818393196e-01 1.001547426362661808e+00 1.003238630572533596e+00 9.976390833946076064e-01 1.004346292698616860e+00
1.002724624839982370e+00 1.001211240731128216e+00 1.008549002366099900e+00 1.004329093133754736e+00 1.001770773057205188e+00 9.995909941674968602e-01 1.001535721901084530e+00 1.003220205628527983e+00 9.976715292749809283e-01 1.002025757467875033e+00
1.002691382171602585e+00 1.001209924121740924e+00 1.008522322381529834e+00 1.004313739288545504e+00 1.001762099085904190e+00 9.989353738660731175e-01 1.001472875269422635e+00 1.003132488222138186e+00 9.976663876358897731e-01 1.001494733567492190e+00
1.002677131199653626e+00 1.001395408926686548e+00 1.008495564817707635e+00 1.004298270044878594e+00 1.001754026745838466e+00 9.986612822207839857e-01 1.001446190200491637e+00 1.003102248112115458e+00 9.976830574399015994e-01 1.001970314373071380e+00
1.002665870144525018e+00 1.001552432494075884e+00 1.008468975611256369e+00 1.004282893640272789e+00 1.001754725891662590e+00 9.989358865779576213e-01 1.001445157772137051e+00 1.003115590569418236e+00 9.976956560823360132e-01 1.003539876499581540e+00
1.002640496107791490e+00 1.001615776380182954e+00 1.008442584935459241e+00 1.004267672991543847e+00 1.001806575641547736e+00 9.989348605157971628e-01 1.001405377571194855e+00 1.003135939000197929e+00 9.977351035836429238e-01 1.003191795054474422e+00
1.002614004666529945e+00 1.001773665858402662e+00 1.008416797987868208e+00 1.004252775801777853e+00 1.001840856423199311e+00 9.989334767250406255e-01 1.001388634433479696e+00 1.002940880978941074e+00 9.977720731203746363e-01 1.003399468019864571e+00
1.002593779360573478e+00 1.001710244377446379e+00 1.008390942023086989e+00 1.004237890480334405e+00 1.001785001842063760e+00 9.989322948248706702e-01 1.001383614096609920e+00 1.002838675656562817e+00 9.977352762341711312e-01 1.003820426929286969e+00
1.002583325656563495e+00 1.001595203126533162e+00 1.008365141836477630e+00 1.004223032146734473e+00 1.001719330630636895e+00 9.989186426233327420e-01 1.001351022078372122e+00 1.002890021376662721e+00 9.976483679408396643e-01 1.004224298415140160e+00
1.002558684530945543e+00 1.001619017359638653e+00 1.008339269320790210e+00 1.004208139598616434e+00 1.001710722920044150e+00 9.989425096944174465e-01 1.001124811108090151e+00 1.002722693024492351e+00 9.976982780189828093e-01 1.004220985253125420e+00
1.002527760918814792e+00 1.001712309575192750e+00 1.008313401839280310e+00 1.004193225149154989e+00 1.001702465114589602e+00 9.997951705128469424e-01 1.001118082306879709e+00 1.002709485071101136e+00 9.977087377406153035e-01 1.003845793865873137e+00
1.002493924453031759e+00 1.001707480998122124e+00 1.008288111062101144e+00 1.004178690580150857e+00 1.001694259705330436e+00 9.991598613379478744e-01 1.001088419444080779e+00 1.002659556350023795e+00 9.976913888046197165e-01 1.003850689945082308e+00
1.002468537848913321e+00 1.001591956514674475e+00 1.008262761964318077e+00 1.004164057790831066e+00 1.001686518433418271e+00 9.984574936776259291e-01 1.001089711928721648e+00 1.002586534687535780e+00 9.976945211256595947e-01 1.003358214954371608e+00
1.002459087028268359e+00 1.001518405427599845e+00 1.008237570940495376e+00 1.004149510786583654e+00 1.001686525581021447e+00 9.981106324817267117e-01 1.001117151098884772e+00 1.002539234505694266e+00 9.977154668781413882e-01 1.003332460715584684e+00
1.002458219622194724e+00 1.001481412014315842e+00 1.008212559352136273e+00 1.004135105216534152e+00 1.001735522822903235e+00 9.981115401213371818e-01 1.001104032083012685e+00 1.002651317036156620e+00 9.977851154454630001e-01 1.001945828563483465e+00
1.002432515849693173e+00 1.002653268706744427e+00 1.008188092584744400e+00 1.004120989047822432e+00 1.001767814903882226e+00 9.981122886646569548e-01 1.001097395914815946e+00 1.002511124685192989e+00 9.978245021378276958e-01 1.005074098738562682e+00
1.002416219916781204e+00 1.002669594760603911e+00 1.008163559621314098e+00 1.004106887209601284e+00 1.001713025524361589e+00 9.981131226272066392e-01 1.001107239515787173e+00 1.002434415923199928e+00 9.977841073770526981e-01 1.004984269088416093e+00
1.002406493663381859e+00 1.002719034234299089e+00 1.008139081720683894e+00 1.004092812963412129e+00 1.001653724948880608e+00 9.981316544497931265e-01 1.001087546319548549e+00 1.002338677318329596e+00 9.977038112073779441e-01 1.004787790158865324e+00
1.002395594683817670e+00 1.002745442723602221e+00 1.008114552665305919e+00 1.004078712104300219e+00 1.001645661532950315e+00 9.983326803427563512e-01 1.000845293664532898e+00 1.002125330887026378e+00 9.977556700155136848e-01 1.004608943671071231e+00
1.002362574873648882e+00 1.002870164704924960e+00 1.008090032897664523e+00 1.004064595334924315e+00 1.001637841002092078e+00 9.994944243862599054e-01 1.000841413464304219e+00 1.002118902024534020e+00 9.977639861817153566e-01 1.005153165044844865e+00
1.002328908507408300e+00 1.002860556620964294e+00 1.008066032577388027e+00 1.004050818144413215e+00 1.001630068976341992e+00 9.969756954350721401e-01 1.000512827017479678e+00 1.001809139394544523e+00 9.974853271877227590e-01 1.004489722371553428e+00
1.002339003175458654e+00 1.002852062926155696e+00 1.008044927775191946e+00 1.004033694752650252e+00 1.001608870138781970e+00 9.979005068291311176e-01 1.000338204576644241e+00 1.001677764228892542e+00 9.977245098400839840e-01 1.004459085972917443e+00
1.002330960229103507e+00 1.002867339332937258e+00 1.008020770036473168e+00 1.004014285886919655e+00 1.001592044384771896e+00 9.980879047180263308e-01 1.000257407749013838e+00 1.001579338505516281e+00 9.977200076841784560e-01 1.004452162683521665e+00
1.002367405207450268e+00 1.002892880713709411e+00 1.007991894539751465e+00 1.003992208091469607e+00 1.001559349902770846e+00 9.980887568583491909e-01 1.000789681093677608e+00 1.002167181096447424e+00 9.976726752788940278e-01 1.005053841360168176e+00
1.002338829741371784e+00 1.002969028121349471e+00 1.007968657540844637e+00 1.003978856278470166e+00 1.001637554517986306e+00 9.980896123285397659e-01 1.000796624423871295e+00 1.002135303827057955e+00 9.977140210804412712e-01 1.005416198961744723e+00
1.002309743733483138e+00 1.002960234224700153e+00 1.007945361716755306e+00 1.003965519827316966e+00 1.001639963508787146e+00 9.980904710180322770e-01 1.000816208388514816e+00 1.002137190937506306e+00 9.976793918947621798e-01 1.005392119889147118e+00
1.002302655564200728e+00 1.002972923363597335e+00 1.007922119998572619e+00 1.003952210533253009e+00 1.001655435958190843e+00 9.980904132690683328e-01 1.000211663017390062e+00 1.001511927468686114e+00 9.975804732859498980e-01 1.005472667955038757e+00
