1.150485590914230860e+00 8.000000000000000000e+00 4.800000000000000000e+01 1.200000000000000000e+01 1.000000000000000000e+00 0.000000000000000000e+00 1.000000000000000000e+00 3.782796859741210938e+00 1.150485590914230860e+00 8.000000000000000000e+00
6.877347199020625856e-01 -5.600000000000000533e+00 1.439999999999999858e+01 3.599999999999999645e+00 1.000000000000000222e+00 5.626916885375976562e-01 1.000000000000000000e+00 5.826950073242187500e-01 1.412540642178027994e+00 -5.599999999999996092e-01
-9.076052994990043699e-01 -9.600000000000001421e+00 1.439999999999999858e+01 3.599999999999999645e+00 1.028364000000000278e+00 4.261016845703125000e-01 1.000000000000000000e+00 4.358053207397460938e-01 -2.628904316345330727e-01 -4.528247999999999607e+00
-1.807540695058580393e+00 -6.600000000000000533e+00 1.539999999999999858e+01 3.599999999999999645e+00 -3.777275649600000840e+00 4.602885246276855469e+00 -1.897000000000000242e+00 -3.262157273292541682e+00 -1.150752058340430040e+00 -1.320279154103999986e+00
-2.308641085767889845e+00 -3.600000000000000533e+00 1.539999999999999858e+01 3.599999999999999645e+00 1.000000000000000000e+00 1.714396476745605469e+00 1.000000000000000000e+00 1.732611656188964844e+00 -1.609043471325184660e+00 1.728836379071533091e+00
-1.490517998895548146e+00 1.399999999999999467e+00 1.539999999999999858e+01 3.599999999999999645e+00 1.000000000000000000e+00 1.656645239138603287e+00 1.000000000000000000e+00 1.699805259704589844e+00 -7.424355526819380602e-01 6.676741862986354192e+00
-6.110356805077803433e-01 5.399999999999999467e+00 1.539999999999999858e+01 3.599999999999999645e+00 1.000000000000000000e+00 8.819755349857807403e-01 1.000000000000000000e+00 8.918046951293945312e-01 1.551677546327039914e-01 1.051377934734480135e+01
4.883172174769291329e-01 2.399999999999999467e+00 1.539999999999999858e+01 3.599999999999999645e+00 1.192552760000000767e+00 9.545887560908296776e-05 1.189999999999999947e+00 4.586603879928588867e+00 1.190611966303508851e+00 7.518744680667834857e+00
6.189612479118563604e-01 -5.040000000000000924e+00 1.396000000000000085e+01 3.240000000000000213e+00 8.078298564775989732e-01 1.622295379638671875e+00 8.100000000000000533e-01 1.565310716629028320e+00 1.465779032950488725e+00 -1.263304183727645302e+00
-6.902913545485378499e-02 -1.060000000000000142e+01 1.539999999999999858e+01 3.599999999999999645e+00 1.000756475203450346e+00 1.064515113830566406e+00 1.099999999999999645e+00 1.126382350921630859e+00 4.985871117306176492e-01 -5.269293702820080583e+00
-7.299191915689174914e-01 -8.640000000000000568e+00 1.396000000000000085e+01 3.240000000000000213e+00 1.001076242150488849e+00 1.110386848449707031e+00 1.138564100000000190e+00 1.581050345270633706e+00 -8.982113713296857593e-02 -4.187704110491109688e+00
-1.422255853834637040e+00 -5.940000000000000391e+00 1.385999999999999943e+01 3.240000000000000213e+00 -3.824791674251899032e+00 5.330484817609008275e+00 -2.190021267948129235e+00 -3.823412220583943366e+00 -7.736198131625429131e-01 -1.444863086314644107e+00
-2.077776977191100993e+00 -1.024000000000000021e+01 1.385999999999999943e+01 3.240000000000000213e+00 1.000000000000000000e+00 1.086505519404324716e+00 9.484841071540901503e-01 1.160237871583424507e+00 -1.413647368460791087e+00 -5.732155068384177099e+00
-1.218747735975141744e+00 2.259999999999999787e+00 1.385999999999999943e+01 3.240000000000000213e+00 1.000000000000000000e+00 1.572074267374755197e+00 9.427601190601002656e-01 1.747065211861356104e+00 -5.450000047414842452e-01 6.748642531777937492e+00
-4.425534573050075027e-01 4.859999999999999432e+00 1.485999999999999943e+01 3.240000000000000213e+00 1.000000000000000000e+00 2.629294227961737063e-01 9.364001322890000978e-01 2.651274486040895439e-01 2.321968682196061673e-01 9.253854969186289026e+00
1.940485696675335880e-01 2.159999999999999254e+00 1.485999999999999943e+01 3.240000000000000213e+00 1.444108387552661910e+00 1.434307246172205838e-04 1.098222369210000160e+00 3.644046231955933024e+00 8.483888135688537613e-01 6.728774103918103044e+00
5.570651231206706910e-01 -4.536000000000000476e+00 1.356400000000000006e+01 2.916000000000000369e+00 5.562742289249378302e-01 1.278805732727050781e+00 7.502470768999995876e-01 1.069683230420667819e+00 1.281624344216767408e+00 -9.990463066021746386e-01
-1.439385305966026651e-01 -5.540000000000000036e+00 1.485999999999999943e+01 3.240000000000000213e+00 1.075255931296748013e+00 5.559921264648437500e-01 1.001385641000000160e+00 5.138552326854948227e-01 3.517575594360137226e-01 -7.866493929997311341e-01
-7.438528503922121615e-01 -8.775999999999999801e+00 1.356400000000000006e+01 2.916000000000000369e+00 9.252509707322986721e-01 1.034044833205138625e+00 1.259726888016524438e+00 8.390525791974252634e-01 -1.718706607275903853e-01 -4.720842042364094659e+00
-1.320936422794790399e+00 -8.346000000000000085e+00 1.347399999999999665e+01 2.916000000000000369e+00 -3.823388694058898807e+00 4.020465446037333024e+00 -2.430835644555019659e+00 -4.076022077111878694e+00 -7.366069565558088783e-01 -4.256054237502153725e+00
-1.869999279471990850e+00 1.978399999999999892e+01 1.447399999999999665e+01 2.916000000000000369e+00 1.000000000000000000e+00 9.692535977591375529e-01 8.998644536927353776e-01 1.092020915996958941e+00 -1.262603495547556687e+00 2.395307887465412122e+01
-1.183798540357813955e+00 -7.966000000000000192e+00 1.447399999999999665e+01 2.916000000000000369e+00 1.000000000000000000e+00 1.055016406485735914e-01 8.893742805579267774e-01 2.544335444731187224e-01 -5.672589019992515524e-01 -3.824620338802278141e+00
-5.312431131912623838e-01 -6.626000000000000334e+00 1.437400000000000233e+01 2.916000000000000369e+00 1.189416034110438503e+00 6.384709777781881757e-01 1.634970753606359573e-01 -6.104562138435047913e-01 -1.897973281404241597e-01 -3.710634576450119404e+00
7.925567404075817279e-02 -5.600000000000000533e+00 1.739999999999999858e+01 3.599999999999999645e+00 1.481655522303141126e+00 2.032149386032465672e-04 1.729410985409338686e+00 4.436726321676831120e+00 9.056699608691245462e-01 -7.984881490481008370e-01
5.166984186874601370e-01 2.391760000000000019e+01 1.320759999999999934e+01 2.624399999999999622e+00 6.669112810392272550e-01 4.931086670804397110e-01 6.965737676121483979e-01 1.814949063679405228e-01 1.157659343140581720e+00 2.711686329394240857e+01
1.362686266571744298e-02 -7.985999999999999766e+00 1.437400000000000233e+01 2.916000000000000369e+00 6.032193300412016512e-01 1.302958752357667560e+00 5.740152469785129163e-01 7.874670577828650764e-01 8.556674066347481622e-01 -5.269638303536156698e+00
-6.928479891950145575e-01 -9.600000000000001421e+00 1.739999999999999858e+01 3.599999999999999645e+00 1.001172767161688348e+00 1.924171552971479571e+00 1.000000000000000000e+00 1.600694656372070312e+00 3.809262093958043494e-02 -4.761500467182738561e+00
-1.429158767380122264e+00 -1.360000000000000142e+01 1.739999999999999858e+01 3.599999999999999645e+00 1.001458838505142612e+00 4.914729111353349778e-01 1.000000000000000000e+00 1.005387306213378906e+00 -6.982292886351925132e-01 -8.760109066019383661e+00
-2.288188008596081513e+00 -9.600000000000001421e+00 1.739999999999999858e+01 3.599999999999999645e+00 -3.824431862078298217e+00 5.676579440569342161e+00 -1.897000000000000242e+00 -3.262157273292541682e+00 -1.799231686080477344e+00 -1.187509504081054601e-01
-1.682999351524791631e+00 -6.194399999999999906e+00 1.302659999999999485e+01 2.624399999999999622e+00 1.098687045345371871e+00 3.960402844037211878e-01 8.543149005904213666e-01 5.496920873296202714e-01 -1.135469299621354899e+00 -2.402199834937359668e+00
-1.090985032786793374e+00 -3.169400000000000439e+00 1.302659999999999485e+01 2.624399999999999622e+00 1.090388759674571162e+00 5.245680767238924957e-01 8.399292407925553761e-01 6.997643843927585650e-01 -5.291500021342381288e-01 6.026492812314394598e-01
-4.372126475285190716e-01 -1.963400000000000034e+00 1.293659999999999854e+01 2.624399999999999622e+00 1.159946240539988516e+00 8.737758772125076012e-01 4.828653162458196313e-01 4.905119480994599712e-01 5.976799432263657508e-02 8.809159239532959873e-01
1.388508276501154715e-01 -2.056000000000000938e+00 1.437400000000000233e+01 2.916000000000000369e+00 1.596730471016345909e+00 3.281402981134942708e-04 1.290337610609215258e+00 4.251193065407028016e+00 7.550223626219940698e-01 3.432802859479048507e+00
4.496887689398576526e-01 -9.474160000000001247e+00 1.188683999999999941e+01 2.361959999999999837e+00 2.446792686882348633e-01 3.090858459472656250e-01 6.497565433207181940e-01 1.695875713493322223e-02 1.017859820138783622e+00 -6.708994708456748945e+00
-1.257940945105621156e-01 -5.187400000000000233e+00 1.293659999999999854e+01 2.624399999999999622e+00 9.767516842950501044e-01 1.350402832031250000e+00 6.854428210823142464e-01 9.610968696939989897e-01 3.867773912970694505e-01 -2.095025867854527490e-02
-8.126391055556507759e-01 -3.898400000000000531e+00 1.320759999999999934e+01 2.624399999999999622e+00 7.863934982204168200e-01 1.496876815126671811e+00 1.391849609492580520e+00 1.353859906197411256e+00 -3.140545389780929342e-01 -1.047762017973195015e-01
-1.439392975869965952e+00 -1.511400000000000077e+00 1.312659999999999627e+01 2.624399999999999622e+00 -3.775787553591242851e+00 4.238278390941527363e+00 -2.628678708294233335e+00 -4.206307901776846769e+00 -9.832931184933086932e-01 2.184858997594188779e+00
-1.514699416372312646e+00 -3.574959999999999916e+00 1.172393999999999892e+01 2.361959999999999837e+00 1.098687045345371871e+00 1.390903122596840014e+00 8.095328737404736685e-01 1.580694156217790081e+00 -1.020532440053059098e+00 -1.604477805864501505e-01
-9.921130680940182245e-01 3.147539999999999338e+00 1.272393999999999892e+01 2.361959999999999837e+00 1.568474153946302074e+00 4.020341723617315566e-04 2.607984799468940906e-01 -8.744961018023289512e-02 -5.190178876544379039e-01 4.440101882585070214e+00
1.812117071075772801e-01 2.149599999999999511e+00 1.393659999999999854e+01 2.624399999999999622e+00 1.454247633030156805e+00 6.011232839860005794e-04 1.185244382208131775e+00 2.711893037582269628e+00 7.482656294043097400e-01 7.053288840389919656e+00
4.047198920458718874e-01 -7.526744000000000767e+00 1.169815599999999733e+01 2.125764000000000209e+00 2.366396240902766124e-01 8.837938308715820312e-01 6.041619636849029362e-01 6.630504105632191170e-01 9.072733124434486651e-01 -4.991576712630507728e+00
-9.787487718064946662e-02 -4.668659999999999144e+00 1.264293999999999585e+01 2.361959999999999837e+00 7.423408453511166627e-01 1.454496383666992188e+00 6.308170350690085471e-01 9.843359471918464720e-01 3.617915846550978087e-01 -3.325025327624153704e-02
-5.677505776256172032e-01 -7.508560000000001011e+00 1.288683999999999941e+01 2.361959999999999837e+00 8.994321527254753867e-01 2.637398171575168870e+00 1.247071910230369340e+00 1.881249820998242228e+00 -1.305873540638320673e-01 -4.033559487901436924e+00
-1.060243290807171057e+00 -4.360260000000000247e+00 1.281393999999999522e+01 2.361959999999999837e+00 -3.821864694178184418e+00 1.573999526751358236e+00 4.240885087610490878e-01 9.420416219093921129e-01 -4.993825617984549159e-01 -5.850809464800202697e+00
-2.095162092787138164e+00 1.135999999999999943e+01 1.665999999999999659e+01 3.240000000000000213e+00 -3.825782924372739480e+00 3.880596160888671875e+00 -2.113448993046803004e+00 -3.473606572416189309e+00 -1.760456093857180937e+00 2.006306126857958816e+01
-1.363229474735081270e+00 -5.217463999999999658e+00 1.155154600000000187e+01 2.125764000000000209e+00 1.243738576828886444e+00 2.622474734099460303e-01 -1.370496734798773986e+00 -1.742668573371504159e+00 -1.055188391279321181e+00 -6.525477308279274524e+00
-9.127185687919564527e-01 -4.600000000000000533e+00 1.839999999999999858e+01 3.599999999999999645e+00 1.268516789792222710e+00 5.240910662788167418e-01 1.420637972631286772e+00 1.241266663672019099e+00 -7.350844908220521834e-02 1.242762633067084899e+00
-1.894466273038766246e-01 -4.040000000000000924e+00 1.665999999999999659e+01 3.240000000000000213e+00 1.772415427344389727e+00 2.651667106331742152e-04 2.072515694907753669e+00 5.210773957198925999e+00 5.716421294933318187e-01 4.519891480824078656e-02
3.642479028412846098e-01 -4.774069600000000690e+00 1.052834039999999760e+01 1.913187600000000543e+00 4.052589733542735217e-01 1.196023895789366742e+00 5.647127017801403248e-01 8.924572772005783250e-01 8.041218755884920188e-01 -2.493989741675695093e+00
-1.085404666343930957e-01 -1.020179399999999958e+01 1.137864599999999626e+01 2.125764000000000209e+00 4.630606121958749100e-01 1.757886931847352008e+00 5.840228472432609230e-01 1.221802234068891657e+00 2.893632814903818185e-01 -6.023472780799082216e+00
-4.854091733982948687e-01 -5.757704000000000377e+00 1.159815600000000302e+01 2.125764000000000209e+00 -4.012617219094259724e+00 6.374105399389199178e+00 -2.538889216562442375e+00 -3.956042816504733217e+00 2.147567284710676094e-01 -2.506923005234167334e+00
-1.226906527261573121e+00 -2.069571760000000182e+01 1.039639139999999884e+01 1.913187600000000543e+00 6.138953003876261860e-01 2.628121203305004983e-01 -1.608663545110642801e+00 -3.438216421563795144e+00 -1.041348319776115305e+00 -2.126497455747030330e+01
-1.582556846168686526e+00 -5.600000000000000533e+00 1.839999999999999858e+01 3.599999999999999645e+00 2.752543988046703749e+00 -1.321487687503446251e+00 2.602186993968947704e+00 5.623426055150367198e+00 -6.253288277357326175e-01 -2.100126703842678744e+00
3.278231125571562377e-01 2.370333735999999902e+01 9.475506359999997130e+00 1.721868840000000844e+00 4.501641071017568052e-01 4.650944840360061172e-01 5.140816600745590215e-01 8.424747343253802256e-02 7.196702195541762048e-01 2.549195405273235338e+01
2.503204305989747969e-02 -9.181614599999999626e+00 1.024078139999999593e+01 1.913187600000000543e+00 -4.641193104936180980e+00 6.439285161749036313e+00 -3.013268654043507411e+00 -4.632424643428180389e+00 5.885609458920276760e-01 -3.087343243758443379e+00
-1.104215874535415809e+00 -2.626145839999999954e+00 9.356752260000000376e+00 1.721868840000000844e+00 1.099068896972632992e+00 -3.385689530809574688e-01 4.088954780116260679e-01 -2.339354859544089393e-01 -8.110218048196965457e-01 -4.138898546971070402e-02
-8.519956069409992949e-01 -1.167214000000000418e+00 1.145154600000000045e+01 2.125764000000000209e+00 9.013129546546281290e-01 1.166560653246948132e+00 4.572319261332351559e-01 1.054433424028999866e+00 -4.431762452635820138e-01 1.968078736217826474e+00
-1.276013795421560015e-01 1.232940000000000147e+00 1.264293999999999585e+01 2.361959999999999837e+00 2.410730596388552804e+00 -2.591370301082768224e-02 1.063833121308720209e+00 2.712619253965181443e+00 1.931033714201122464e-01 4.166795123526695122e+00
2.950408013014405029e-01 -6.666996376000001057e+00 8.527955723999994575e+00 1.549681956000000582e+00 3.981399766901185799e-01 1.594922020484190961e+00 3.127364422439966596e-01 9.973743661023277696e-01 6.478433331700828024e-01 -4.930342157972499528e+00
-9.507635498399147345e-02 -2.263453139999999753e+00 9.216703259999995623e+00 1.721868840000000844e+00 1.923975827478212608e-01 7.876663660514534593e-01 1.131497598039707952e-01 -3.367093523245250353e-01 8.244723896063024249e-01 -9.995806264916211603e-01
-9.896732716508862548e-01 -1.224000000000000021e+01 1.665999999999999659e+01 3.240000000000000213e+00 1.001265071157802833e+00 8.600950241088867188e-01 1.119454223022804840e+00 1.089214147729455462e+00 -5.403961353079040908e-01 -6.985930211201544004e+00
-1.629982418860817628e+00 -1.077599999999999980e+01 1.499399999999999977e+01 2.916000000000000369e+00 -3.824639740787041386e+00 6.642513979838019722e+00 -2.116454223022805170e+00 -3.580514086885034253e+00 -1.514537983457878489e+00 -3.708330051159965279e+00
-9.937942870818743391e-01 -2.363531255999999914e+00 8.421077033999999628e+00 1.549681956000000582e+00 1.099243287585238704e+00 -8.074099911905587845e-01 3.928555136519751301e-01 5.669841115605311899e-02 -6.788590302298772583e-01 6.160608489577690250e-02
-5.009060430133882580e-01 2.949507399999999890e+00 1.030639140000000253e+01 1.913187600000000543e+00 1.818094595973185790e+00 1.381770615976219307e+00 -6.550064110405773299e-01 -9.209659984565519153e-01 -3.551515654891981844e-01 2.894525927546530042e+00
-1.858417724523453440e-01 -6.360000000000010090e-01 1.499399999999999977e+01 2.916000000000000369e+00 1.631624581476365243e+00 4.617593139648739102e-04 2.059708538739028594e+00 1.681512970912749871e+00 5.432105935768690719e-01 3.594152100082280477e+00
1.683846046052057677e-01 -2.000296738400001217e+00 7.675160151599996539e+00 1.394713760400000169e+00 1.000000000000000000e+00 0.000000000000000000e+00 9.999999999999995559e-01 3.563880920410157138e+00 1.294712044334533463e+00 3.186809745729501486e+00
2.486982607107759424e-01 -5.800267064560000740e+00 6.907644136439998306e+00 1.255242384360000685e+00 1.669815771202811661e-01 2.192330316721626371e+00 2.793617889408812616e-01 5.530161131600186408e-01 4.495498544091336424e-01 -4.859651906974489677e+00
1.669666637345046389e-02 -5.037107825999999733e+00 8.295032933999998193e+00 1.549681956000000582e+00 3.724564368451508400e-01 1.345611098776042791e+00 3.263844117882706009e-01 5.170507962151118520e-01 4.209662952582546303e-01 -1.444073184396491349e+00
-4.215284481796089944e-01 -1.181933600000000251e+00 1.043834040000000130e+01 1.913187600000000543e+00 7.442264542239698244e-01 2.181224647249917936e+00 1.363579081691301376e+00 2.278691698110110408e+00 -3.107200185934480552e-02 2.319064583366253984e+00
-1.000238385363023230e+00 -3.924234000000000222e+00 1.153254599999999641e+01 2.125764000000000209e+00 -3.753777557665281428e+00 4.116666438204158673e+00 -2.752053357068461992e+00 -4.459419010002771522e+00 -7.032564599433033248e-01 -2.676663272411191841e+00
-8.944148583736868385e-01 2.287282186959999919e+01 7.578969330600003218e+00 1.394713760400000169e+00 9.279946332925419483e-01 7.402557072218647338e-01 -2.011823533682790099e+00 -3.735454977975001256e+00 -8.330757512517504848e-01 2.204169157007011393e+01
-1.398734815087057104e+00 2.959999999999999076e+00 1.656000000000000227e+01 3.240000000000000213e+00 1.331866026737340114e+00 1.077141965856949213e-01 1.110421155409446303e+00 1.449125852120606961e+00 -7.417981608506923896e-01 4.941821743970788106e+00
-7.089547874678139294e-01 1.859999999999999432e+00 1.656000000000000227e+01 3.240000000000000213e+00 1.658743222411160012e+00 1.150574373246024074e+00 1.740969337643172299e+00 2.495151210098493166e+00 1.862744027793075130e-01 7.884618464905151392e+00
1.682009933916606137e-02 3.427599999999999092e+00 1.349459999999999837e+01 2.624399999999999622e+00 1.939777722660561032e+00 -7.072336189801908812e-01 2.046596827778636385e+00 4.960295354804432399e+00 7.205504728245808455e-01 8.385745610292106633e+00
2.238284346396983704e-01 -1.220240358104000222e+00 7.216879722796001317e+00 1.129718145924000439e+00 2.546727030690441040e-01 1.485026549583218225e+00 1.159770524850740614e-01 -4.463653571518895191e-01 3.998273811516674936e-01 -9.493936860009064560e-01
-3.128081427509199486e-04 -4.533397043399999937e+00 8.465529640599996242e+00 1.394713760400000169e+00 1.253646624776250107e-01 9.840903743078066590e-01 3.073817614263560927e-01 1.882950247118575504e-02 3.652074980026691620e-01 -1.520299196633362548e+00
-3.589225261898395525e-01 -9.063740239999999559e+00 1.039450636000000117e+01 1.721868840000000844e+00 6.695370655088499490e-01 2.908228497009131885e+00 1.145273571996392459e+00 2.032443234026083179e+00 -1.620346283268564447e-02 -5.734077963903562392e+00
-7.621562759170131818e-01 -1.053181060000000002e+01 1.137929139999999961e+01 1.913187600000000543e+00 -3.752103888701296519e+00 2.474399356519141335e-01 4.770501995339944123e-01 -3.944788111345745030e-01 -3.375879082140879062e-01 -1.423636449934221204e+01
-1.722647641622342629e+00 9.301600000000000534e+00 1.449459999999999837e+01 2.624399999999999622e+00 -3.825409188173435560e+00 4.062604904174804688e+00 -2.201934034990457700e+00 -3.678498177304546868e+00 -1.734623007216677948e+00 1.858148740948955435e+01
-8.049733725363181769e-01 -4.414460317359999664e+00 7.821072397540000054e+00 1.255242384360000685e+00 5.514843116577310411e-01 1.824856232566105518e-01 -1.755130639701100392e+00 -3.533426803357000878e+00 -7.280308060704456796e-01 -5.809919990660448619e+00
-1.228181717820638674e+00 -3.360000000000011866e-01 1.590400000000000347e+01 2.916000000000000369e+00 1.774300698876150051e+00 -1.824896533803503917e-01 1.048719405489965339e+00 1.205739363501131756e+00 -6.324132224020976301e-01 1.517779772352616519e+00
-6.073796929633197283e-01 1.673999999999999488e+00 1.590400000000000347e+01 2.916000000000000369e+00 1.940843315097522392e+00 1.739208155844902404e-01 1.602350928595556390e+00 1.434614571979158981e+00 2.053876619105790002e-01 7.287317387567839866e+00
3.559116657705796438e-02 2.084839999999998916e+00 1.314513999999999783e+01 2.361959999999999837e+00 1.682636954442061850e+00 -7.066154634446728533e-01 1.858617763266235290e+00 3.956929451881975091e+00 6.691795392575836665e-01 6.607861250491765759e+00
2.167853990545849374e-01 2.901783677706399445e+00 6.495191750516397633e+00 1.016746331331599862e+00 4.861332936323297105e-01 2.476229683110200419e+00 1.216247336150217961e-01 6.054489989602869215e-01 3.713789877813920004e-01 3.161438287088992993e+00
9.687058923761471263e-02 -1.080057339059999677e+00 7.618976676539993775e+00 1.255242384360000685e+00 -2.877697252716258092e-01 1.543628816470701270e-01 -3.029042859044985825e-01 -8.628197927680911761e-01 1.318906562542044414e+00 -2.049576052004254301e+00
-6.286764595684652956e-01 -9.640000000000000568e+00 1.765999999999999659e+01 3.240000000000000213e+00 9.110845014467079395e-01 2.165281947553431507e+00 1.021945422302280804e+00 1.634010917107540095e+00 -1.516278827738015700e-01 -5.664722113714190321e+00
-1.212841909941782426e+00 -4.016000000000000014e+00 1.599399999999999977e+01 2.916000000000000369e+00 9.012946282910099249e-01 1.446142302915662370e+00 1.078498593583566034e+00 1.538430087891263121e+00 -9.958406367898535727e-01 2.616427887108239148e+00
-1.473683838065826368e+00 -6.628560000000000230e+00 1.304513999999999641e+01 2.361959999999999837e+00 -3.822463823758195378e+00 6.662514524629768786e+00 -2.233869843942731137e+00 -3.588778362334900329e+00 -1.525182836235308592e+00 2.137457456553971014e+00
-7.244760352826863370e-01 -3.973014285623999609e+00 7.038965157786002180e+00 1.129718145924000439e+00 1.187857508442953680e+00 -1.298206850240587240e+00 -1.926690528311549855e-01 -1.158911006592081350e+00 -4.215316383334863914e-01 -3.696009613378649306e+00
-7.167054419455605174e-01 2.654556659999999901e+00 1.027575226000000441e+01 1.721868840000000844e+00 1.172725589973136806e+00 6.084604470407128929e-01 1.108683628049798031e-01 -2.076042233524084679e-01 -4.837967819911667133e-01 4.503383039297784052e+00
-4.574302842157336180e-01 2.109645999999999688e+00 1.237864599999999626e+01 2.125764000000000209e+00 2.345486170167291995e+00 1.992712511673928155e+00 1.015129684224807427e+00 1.934226743822049954e+00 -1.864066888188076199e-02 5.896323764988874672e+00
6.271166567706498718e-02 -1.123644000000000531e+00 1.183062599999999520e+01 2.125764000000000209e+00 1.404905735968281277e+00 -7.062376319742247333e-01 1.687386108370493520e+00 3.287383549915422698e+00 6.349965636604684160e-01 3.004979935364122667e+00
1.797670512702700396e-01 -3.388394690064240322e+00 5.845672575464760712e+00 9.150716981984405862e-01 -1.927138175797926678e-01 1.348389844168701224e+00 1.243665648032230564e-01 1.474505462860582483e-01 3.146025471783222560e-01 -3.168164272899433698e+00
-1.787064729196577995e-01 -2.972051605153999354e+00 6.857079008885996529e+00 1.129718145924000439e+00 1.830001275561974339e-01 7.410815891610136319e-01 -3.221520497408851824e-01 -9.549416000757515732e-01 6.722277164440206842e-01 -3.208965487105993830e+00
-7.438554070268585949e-01 -1.061439999999999984e+01 1.439459999999999695e+01 2.624399999999999622e+00 9.010668371615042638e-01 8.450621811417921014e-01 9.602632976088272265e-01 8.776760859221299782e-02 -6.017865276293044019e-01 -4.499593932985870737e+00
-1.075765258904588961e+00 -8.965704000000000562e+00 1.274062599999999890e+01 2.125764000000000209e+00 -3.822936271906059780e+00 5.574198692809194888e+00 -2.222987675112472861e+00 -3.427628150681222063e+00 -1.132399854393575822e+00 -1.046074457446687589e+00
-6.520284317544177144e-01 -3.575712857061599692e+00 7.335068642007399831e+00 1.016746331331599862e+00 1.187857508442953680e+00 -1.155149329882786624e+00 -1.450262178790504564e-01 -1.009022475512978190e+00 -3.713302758959097782e-01 -3.294097525912915714e+00
-6.348083591651001445e-01 -4.610899006000000355e+00 1.024817703400000113e+01 1.549681956000000582e+00 1.137927502090927412e+00 6.791036077575156593e-01 -6.316303723165699324e-01 -1.528589693855090914e+00 -7.224363726719293943e-01 -4.633173847215676489e+00
-4.903957614445141333e-01 -1.493400000000000283e+00 1.531360000000000099e+01 2.624399999999999622e+00 2.583941370825274753e+00 2.574304107578468948e-01 1.697709602692468067e+00 1.738426456175366397e+00 2.663628686351324770e-01 3.045359101120498124e+00
2.576088335164561371e-02 -1.011279600000000833e+00 1.164756339999999568e+01 1.913187600000000543e+00 1.270884099510524834e+00 -7.057809958764759140e-01 1.524769927444441286e+00 3.123039213684015714e+00 5.371881942305010149e-01 2.585526695806974473e+00
1.669036154361951407e-01 2.295044477894218460e+01 6.261105317918286062e+00 8.235645283785970605e-01 8.567736937987335821e-01 2.395286572963878147e+00 1.173507575039698381e-01 4.598539202302163176e-01 2.802826921503023261e-01 2.304541866041284948e+01
7.948783114105839598e-02 -3.674846444638599330e+00 7.171371107997394745e+00 1.016746331331599862e+00 -7.870216486475731799e-01 1.739680292416663221e+00 8.913823549176003169e-02 6.479371547452359437e-01 5.156659000053660513e-01 -6.949488689479865755e-01
-2.054250798329564365e-01 -8.157366215999999781e+00 1.035505572400000318e+01 1.549681956000000582e+00 8.636811416905754157e-01 8.182435235981363464e-01 6.305275527175315808e-01 1.092796337017079011e-01 4.717786717946011454e-01 -1.226752557653618858e+01
-1.012058908951966041e+00 -5.552959999999999674e+00 1.395514000000000010e+01 2.361959999999999837e+00 8.110275461925571250e-01 6.393597567991655684e-01 8.892806149524470349e-01 -9.804534141912135681e-02 -9.028949243400665736e-01 -5.954127298716027639e-02
-1.213625659075832530e+00 -5.069133600000000683e+00 1.146656339999999830e+01 1.913187600000000543e+00 -3.820385560657201918e+00 4.564924927264540244e+00 -2.240382840896534056e+00 -3.264465670706679923e+00 -1.270893354086701565e+00 2.084122537555208154e+00
-5.868255885789759319e-01 -3.218141571355439545e+00 6.601561777806658426e+00 9.150716981984405862e-01 5.514843116577310411e-01 8.298021283617482702e-01 -2.031432115201297961e+00 -2.785116602233236982e+00 -5.398369692070474901e-01 -5.614224791279120552e+00
-1.141156431089239698e+00 2.697599999999998666e+00 1.531360000000000099e+01 2.624399999999999622e+00 1.932052648421034746e+00 5.345327452669117463e-01 1.405332818685876894e+00 2.335120073414833186e+00 -5.479007968517299876e-01 5.752194794360086405e+00
-5.129419554013926463e-01 2.655939999999999301e+00 1.378224000000000160e+01 2.361959999999999837e+00 2.746417187226162682e+00 1.454498783864635270e+00 1.555395634196698129e+00 2.813349966708698524e+00 1.800786927910281721e-01 7.187551954908974139e+00
-2.283462862008811545e-02 2.089848359999999516e+00 1.048280705999999896e+01 1.721868840000000844e+00 1.094014451802511445e+00 -7.051603874847998110e-01 1.385858815254477072e+00 2.882346994796753492e+00 4.352600022435464400e-01 5.517040636060944081e+00
1.502132538925755600e-01 6.554003010479654279e-01 5.634994786126455324e+00 7.412080755407366439e-01 1.015987352671859689e+00 1.431240328280698249e+00 1.193849850640642529e-01 -5.431744893939587371e-01 2.458993357388374879e-01 7.223983713897474956e-01
3.063289368333543816e-02 6.926381998252604255e-01 6.454233997197654560e+00 9.150716981984405862e-01 -9.460996725829664555e-01 1.602662553743582352e+00 9.453321300433081831e-02 3.007562857258756495e-01 4.235359310131968091e-01 3.448827202331424147e+00
-2.411285340721343040e-01 -4.341629594400000514e+00 9.319550151600004995e+00 1.394713760400000169e+00 6.962523701282830046e-02 1.450862509548135115e+00 9.677422329307345805e-01 4.444016974183222501e-01 1.530037305385930635e-01 -1.475310621874239558e+00
-6.245814168098862140e-01 -6.478629540000000020e+00 1.124136226000000249e+01 1.721868840000000844e+00 1.445393992874636435e+00 6.596836824438141456e-01 4.168981186111651027e-01 -3.100678508806966605e-01 -6.949863521169208358e-01 -8.359622413134498942e+00
-1.117829439633009958e+00 -4.562220240000000260e+00 1.031990705999999847e+01 1.721868840000000844e+00 -3.818336336009446441e+00 5.577564851868523021e+00 -2.227968517860641651e+00 -3.262525037138382711e+00 -1.177348710153388378e+00 1.942967743176733819e+00
-5.281430297210782943e-01 -2.896327414219895591e+00 5.941405600025994715e+00 8.235645283785970605e-01 6.941217788965934332e-01 4.805986045946131213e-02 -1.779591020789577982e+00 -3.159793175079876448e+00 -4.751096462514058927e-01 -5.031842455492354205e+00
-1.037267326566220005e+00 -2.572160000000001112e+00 1.378224000000000160e+01 2.361959999999999837e+00 1.924785278808309297e+00 -1.564313659089586750e-01 1.303293486489212505e+00 1.539464196312432698e+00 -5.057068767646620833e-01 4.944536969331281284e-01
-4.769875677401098080e-01 1.390345999999999194e+00 1.240401599999999860e+01 2.125764000000000209e+00 2.862736698624051890e+00 1.267715477869772123e+00 1.425344952254758546e+00 2.525616681178209255e+00 1.480390710173217217e-01 5.546711736267454285e+00
-2.055116575807924839e-02 1.880863523999999565e+00 9.434526353999999060e+00 1.549681956000000582e+00 9.691831144976834622e-01 -7.044592280836414755e-01 1.260195481868122691e+00 3.844710258688962767e+00 3.877070958936443823e-01 4.961665453407229975e+00
1.454184670892224585e-01 5.898602709431690627e-01 5.071495307513806949e+00 6.670872679866626243e-01 1.128359620787004580e+00 1.418069877192528194e+00 1.204783735448291537e-01 -5.040547865464617416e-01 2.236871618464271183e-01 6.357648495708598801e-01
2.756960431500188324e-02 -2.376625620157265750e+00 5.808810597477886972e+00 8.235645283785970605e-01 -1.060016903763430385e+00 1.534766003122074673e+00 9.850939710070516497e-02 7.053657811798252908e-02 3.693534562503003604e-01 5.246759770955478075e-02
-2.476952964226337150e-01 -2.907466634960000018e+00 8.387595136440005206e+00 1.255242384360000685e+00 7.694761531477123384e-02 2.970999443982308641e+00 8.751369908237727202e-01 1.952637445237018987e+00 1.106606620683959763e-01 -2.882683930227063485e-01
-6.183692373513711704e-01 -1.830766585999999974e+00 1.011722603400000509e+01 1.549681956000000582e+00 -3.517570919025902132e+00 1.132613271513610353e+00 3.565570567891098719e-01 -3.641004825360742991e-01 -7.312735983343165991e-01 -3.602023914592923148e+00
-1.062292457892182629e+00 -1.110599821599999970e+01 9.287916353999996488e+00 1.549681956000000582e+00 -3.825060248615220537e+00 4.273915290832519531e+00 -2.206719783046604988e+00 -3.264662027369897412e+00 -1.123417778265553224e+00 -5.236539655766142332e+00
-4.753287267489705314e-01 -2.606694672797905898e+00 5.347265040023394533e+00 7.412080755407366439e-01 3.407535785080915147e-01 8.292739239635675830e-01 -1.556976201569497675e+00 -1.556972907988837918e+00 -4.294067605632483353e-01 -4.472133078197755296e+00
-9.130875167377894286e-01 -9.314944000000000557e+00 1.240401599999999860e+01 2.125764000000000209e+00 2.284464286163422564e+00 3.717112611386421683e-01 1.208100562591658544e+00 1.923965563074747642e+00 -4.345389834231373483e-01 -6.477024085283177968e+00
-4.139490030872424176e-01 -5.748688600000000370e+00 1.116361440000000016e+01 1.913187600000000543e+00 2.874726743308630539e+00 3.622477506238208633e-01 1.306013762839079995e+00 1.540350125346618526e+00 1.483039410708679728e-01 -2.003043641464968161e+00
-3.894912635407987711e-02 -1.307222828400000481e+00 8.491073718599999154e+00 1.394713760400000169e+00 9.742739761502781093e-01 -7.036186443768341903e-01 1.145955212560330949e+00 2.317195429306748267e+00 3.237871941099457196e-01 1.395522737805862334e+00
1.206500817943958470e-01 -7.469125756151147932e+00 4.564345776762422702e+00 6.003785411879967171e-01 1.123778491467782636e+00 2.158210395475467003e+00 1.201799752387584519e-01 3.105771798038734488e-01 1.826503352252913936e-01 -7.529952731956836232e+00
1.458610529759740704e-02 -2.138963058141539086e+00 5.227929537730098275e+00 7.412080755407366439e-01 -1.072101359797337672e+00 2.135821865347517168e+00 1.006188408099748521e-01 6.445221624494212875e-01 3.079927149383388518e-01 -9.332444652297766652e-02
-2.178124974874182107e-01 -3.616719971463999705e+00 7.548835622796005396e+00 1.129718145924000439e+00 -2.827286771788104502e-01 2.495216268778356117e+00 7.911888623092866446e-01 1.246711745570573626e+00 8.882455072504968907e-02 -1.402046558861205661e+00
-5.463057750303297322e-01 -1.647689927400000087e+00 9.105503430600002446e+00 1.394713760400000169e+00 -3.163851892976337510e+00 1.339855965939018123e+00 2.939869202969105366e-01 -7.131626893273965706e-01 -6.687109661179094777e-01 -3.469210436941279951e+00
-9.560632121029641883e-01 1.300460160559999956e+01 8.359124718600000392e+00 1.394713760400000169e+00 -3.824747147120663548e+00 3.466296195983886719e+00 -2.177111913024805112e+00 -3.299754532916131744e+00 -1.018091363362370938e+00 1.812054322483626834e+01
-4.277958540740733895e-01 -2.346025205518115442e+00 4.812538536021051527e+00 6.670872679866626243e-01 2.271955655804003271e-02 -5.921817682306818043e-02 -1.360390684323149912e+00 -1.673935674557602837e+00 -3.898096692979157174e-01 -4.119163001226084475e+00
-7.859858800133454615e-01 -3.383449600000000501e+00 1.116361440000000016e+01 1.913187600000000543e+00 2.572802932905537965e+00 -6.779096417304322220e-01 1.119298163514138800e+00 7.546207630358745533e-01 -3.549598252940060483e-01 -8.821964134233404309e-01
-3.521010256067096389e-01 -1.173819740000000778e+00 1.004725296000000156e+01 1.721868840000000844e+00 2.862002988864084330e+00 8.683477432807575891e-01 1.196465186058787822e+00 1.984913992150058704e+00 1.530233146358255247e-01 2.171381653714105298e+00
-9.487867253911264065e-03 -5.176500545560000610e+00 7.641966346739998528e+00 1.255242384360000685e+00 1.009368841207818335e+00 -7.027370113513068395e-01 1.042018855057644799e+00 1.968199231980046093e+00 3.122687517969084947e-01 -2.781083947726751049e+00
1.188116122008606723e-01 2.527778681946396588e+01 4.107911199086181853e+00 5.403406870691966901e-01 1.092187689605736090e+00 2.272031940855701482e+00 1.186701599381709826e-01 4.055156033325708620e-01 1.667441224183204840e-01 2.525084270562437894e+01
-1.755212098987513070e-02 -1.925066752327385000e+00 4.705136583957084895e+00 6.670872679866626243e-01 -1.060049803241493116e+00 2.168058124827239919e+00 1.011147276347417190e-01 5.330227818903194859e-01 2.333992754576610928e-01 3.010171966257946252e-02
-2.420506713752456351e-01 -6.255047974317600179e+00 6.793952060516403435e+00 1.016746331331599862e+00 -5.710784837951079496e-01 2.505613010351976921e+00 7.150098452813273830e-01 1.199023018827274356e+00 1.697256148136272458e-02 -4.108415156400889501e+00
-5.683742369215787349e-01 -4.482920934660000079e+00 8.194953087540000070e+00 1.255242384360000685e+00 -2.845518066249730804e+00 2.571052572127506597e+00 2.299290734178249807e-01 1.875954668947938941e-01 -6.934632635595645578e-01 -5.890031424878527488e+00
-8.604568908926677473e-01 -4.295858554960000575e+00 7.523212246740001774e+00 1.255242384360000685e+00 -3.824466278396404739e+00 4.069089889526367188e+00 -2.139695277912945670e+00 -3.271779508260090008e+00 -9.226398855384847497e-01 3.809625422619369317e-01
-3.850162686666660505e-01 -2.111422684966303809e+00 4.331284682418946375e+00 6.003785411879967171e-01 -2.635000187716469711e-01 -1.200694284410961377e+00 -1.186977576658772904e+00 -2.196169873286399010e+00 -3.540756048494618780e-01 -3.615227994892673991e+00
-7.176138305979151699e-01 -4.510464000000080631e-02 1.004725296000000156e+01 1.721868840000000844e+00 2.800471079469542879e+00 1.240628082998420645e-01 1.036458411159304482e+00 1.467648773640679138e+00 -3.297314512278533005e-01 2.331381880557195529e+00
-3.015511151671822487e-01 -1.056437766000001055e+00 9.042527664000004961e+00 1.549681956000000582e+00 2.833984401334500802e+00 1.020274948441548535e+00 1.095846903159564789e+00 2.041957983182534520e+00 1.513896863171320106e-01 2.092242737339894632e+00
3.748034310804915226e-02 -6.588504910040002827e-01 6.877769712065997965e+00 1.129718145924000439e+00 1.063157009016005183e+00 -7.017890877921686421e-01 9.473814663919704060e-01 2.711392465869383983e+00 3.215245255857064333e-01 1.697958918779514548e+00
1.069304509807746939e-01 2.475000813751756823e+01 3.697120079177565799e+00 4.863066183622777316e-01 1.043768513588929636e+00 2.255706018944512614e+00 1.161118053229168723e-01 3.676084726440222994e-01 1.414038459838050654e-01 2.470411073175028704e+01
3.533578403863379958e-02 2.674399229053534555e-01 4.234622925561374984e+00 6.003785411879967171e-01 -1.033064521265907310e+00 1.862208106985670186e+00 1.002227149848406995e-01 9.140152686846825247e-02 2.478485680551877346e-01 1.998727396790819455e+00
-1.258067569645826000e-01 3.704568231141598389e-01 6.114556854464765934e+00 9.150716981984405862e-01 -7.987681218375133341e-01 2.703457667774475937e+00 6.458081514873730278e-01 1.276213804181854705e+00 9.074734354040514539e-02 2.317928587869880985e+00
-3.990448887844738612e-01 -1.034628841193999893e+00 7.375457778786000063e+00 1.129718145924000439e+00 -2.559042534274738490e+00 5.970973357756120592e+00 -2.922861419163697683e+00 -4.197458779243577354e+00 2.986334367381049404e-02 7.151486061472951405e-01
-3.465146417999993567e-01 -3.900280416469673384e+00 3.898156214177049605e+00 5.403406870691966901e-01 -2.654237441216662496e-01 -4.051827757422898912e-02 -1.035061374027553605e+00 -1.493917671338142128e+00 -3.169704374056411256e-01 -5.047660847226399738e+00
-6.765320632958364833e-01 -4.040594176000000814e+00 9.042527664000004961e+00 1.549681956000000582e+00 2.720815035003781635e+00 -1.249014012846183297e+00 9.582057487697603904e-01 5.922293421217759146e-01 -3.217696232224092068e-01 -1.679324077682798233e+00
-3.378685044588418118e-01 -3.950793989400001038e+00 8.138274897600005886e+00 1.394713760400000169e+00 1.561564543223415313e+00 -1.757042891928339845e-01 1.002300779171156009e+00 1.479235044650428321e+00 7.492979304789360029e-02 -8.764376465762726554e-01
-9.409942352655931153e-02 -5.929654419036003432e-01 6.189992740859395326e+00 1.016746331331599862e+00 2.363247641815659605e+00 1.329601341942154196e-03 8.599374882679127197e-01 -2.966187811361127302e-01 1.641842535975126527e-01 1.798539673686212481e+00
5.021798224612772366e-02 -6.724992676234187172e+00 3.327408071259810640e+00 4.376759565260499585e-01 1.000000000000000000e+00 4.612975546509090354e-09 1.000000000000000000e+00 4.978394508361815518e+00 1.376787102045209599e+00 3.502055921995587795e+00
7.587579977922787045e-02 -1.105249340861076845e+01 2.994667264133830997e+00 3.939083608734446074e-01 7.733390419273709071e-01 1.706771087034050449e+00 1.131512530386125093e-02 -7.037175573369580661e-01 -2.101470200415334055e-02 -1.204744863735201221e+01
2.668893634181823682e-02 2.406959306148181987e-01 3.811160633005236775e+00 5.403406870691966901e-01 -7.963616580393448885e-01 1.880622296703793994e+00 9.665852500122973368e-02 1.243251555950219966e-01 2.206546394844454140e-01 1.772870691960474865e+00
-1.643587741976456906e-01 -2.666588859197255967e+00 5.503101169018286498e+00 8.235645283785970605e-01 -7.191333073714614166e-01 2.882515593310673196e+00 4.671620412542982770e-01 8.610537212802986673e-01 3.280300682217540675e-02 -9.722242889952816824e-01
-4.153863621285000529e-01 2.068834042925399963e+00 6.637912000907398635e+00 1.016746331331599862e+00 -2.557136401707484019e+00 2.618150830629391024e+00 2.590612543106027843e-01 5.663949338545943846e-01 -6.005395638526074276e-01 1.399334147408326956e+00
-7.744112018034009504e-01 1.813372730053599824e+01 6.770891022066003018e+00 1.129718145924000439e+00 -3.824214901363411467e+00 3.872179985046386719e+00 -2.087967172441627106e+00 -3.280184291375843664e+00 -8.245559383071192627e-01 2.172557730154883870e+01
-3.118631776199993766e-01 -1.510252374822706134e+00 3.508340592759346066e+00 4.863066183622777316e-01 -5.227921398266759390e-01 -6.438592536139982059e-01 -8.943302084360631454e-01 -1.380409574167385856e+00 -2.820366519759494039e-01 -2.553410366108769480e+00
-5.577461640367314955e-01 -3.636534758400000733e+00 8.138274897600005886e+00 1.394713760400000169e+00 2.904839749372317925e+00 -1.253946328157664158e+00 8.930995857828296636e-01 3.639525568226282815e-01 -2.305132968024677931e-01 -1.495816769971597182e+00
-1.967029988609627078e-01 -5.557145904600009345e-01 7.324447407840004587e+00 1.255242384360000685e+00 2.725598552941445263e+00 5.790788999640641421e-01 9.250611502521870477e-01 1.419026567656327842e+00 1.842873611178192927e-01 2.242157368595929512e+00
7.893513620056502589e-02 -5.336688977132402201e-01 5.570993466773458636e+00 9.150716981984405862e-01 1.272279707622881340e+00 -7.007968738617319504e-01 8.564902923529800205e-01 2.474849682212701296e+00 2.659570174839362977e-01 1.468288401680869271e+00
8.362802768016153188e-02 1.605275593225030661e+01 2.695200537720445766e+00 3.545175247861003243e-01 8.555301281557650128e-01 1.722611224788183959e+00 -4.244777095051244231e-02 -6.569201116198195578e-01 3.516500345092354873e-02 1.540535905153461904e+01
-2.711265022188502627e-02 -1.783373662446663843e+00 3.430044569704712387e+00 4.863066183622777316e-01 -9.286799116787340935e-01 1.336219786421275479e+00 9.399584420244533334e-02 -4.674893257200327668e-01 1.362802116719484813e-01 -2.194896621569499828e-01
-2.092821282933067795e-01 -5.399929973277529882e+00 4.952791052116459980e+00 7.412080755407366439e-01 -9.031947646102267413e-01 2.675684721113142039e+00 4.531828075062356298e-01 7.186237091268434796e-01 -4.620210199738683521e-02 -3.640738267073777124e+00
-4.300936881381235422e-01 -4.138049361367140300e+00 6.974120800816656640e+00 9.150716981984405862e-01 -2.299564193809553458e+00 2.029642080786708824e+00 1.539689007899851525e-01 -5.074062175521376616e-01 -5.851185753096201925e-01 -4.834069285296367369e+00
-6.969700816230608442e-01 1.932035457048240090e+01 7.093801919859402005e+00 1.016746331331599862e+00 -3.823989572625760225e+00 3.541493415832519531e+00 -2.025445364449649954e+00 -3.072125682305467897e+00 -7.593492104905519291e-01 2.291156732994517853e+01
-2.806768598579993945e-01 -1.359227137340435432e+00 4.157506533483413591e+00 4.376759565260499585e-01 -7.543817981971621123e-01 -1.590967615615499042e+00 -7.769015545046276117e-01 -1.983218879362580012e+00 -2.562030593382781385e-01 -2.178455586815397638e+00
-5.479909712696275914e-01 1.727118717439999340e+00 8.324447407840004587e+00 1.255242384360000685e+00 3.044690275257341483e+00 -5.570274574258045064e-01 8.249725574601063371e-01 9.366064368456790135e-01 -2.538790118807232599e-01 3.818097694600876224e+00
-2.639582769550528063e-01 -5.001431314140010187e-01 7.592002667056007681e+00 1.129718145924000439e+00 2.705422881732991058e+00 8.866860049153280077e-01 8.458131671747866065e-01 1.659411926573412188e+00 7.626269382307615530e-02 2.207970612414467126e+00
-1.588395539967779602e-02 -1.480302007941916465e+00 6.013894120096111351e+00 8.235645283785970605e-01 1.312651019869153224e+00 -6.997942339051457239e-01 7.760559620335580888e-01 2.512131714962016815e+00 1.414261459509611463e-01 8.479899344828183416e-01
7.526522491214548971e-02 2.044748033902527595e+01 3.425680483948397637e+00 3.190657723074910024e-01 8.191836639824972011e-01 1.406180804680230656e+00 -3.193724204948100720e-02 -9.090446764201667307e-01 3.067176497665813351e-02 1.971298587632013266e+01
2.161803843687282178e-02 -8.605036296201998169e+00 4.087040112734243280e+00 4.376759565260499585e-01 -9.092885987728491770e-01 2.411908575376541020e+00 9.051380796437324960e-02 6.374536050995276426e-01 1.563350137020117492e-01 -7.055217421750560547e+00
-1.218814146555982914e-01 -6.859936975949777249e+00 5.457511946904816114e+00 6.670872679866626243e-01 -1.043074637865289311e+00 2.376952311793916639e+00 4.094042157635118251e-01 4.076794406504546942e-01 1.022236239687512871e-02 -5.077065557171527743e+00
-3.103852799300291787e-01 -7.724244425230425648e+00 6.276708720734987423e+00 8.235645283785970605e-01 -2.067784735286332776e+00 3.083655801604975544e+00 7.463986876664252534e-02 3.893478346912075949e-01 -4.579379712983691064e-01 -8.100521036637598371e+00
-6.272730734607547820e-01 -1.461168088656584096e+01 6.384421727873458963e+00 9.150716981984405862e-01 -3.823787666966551591e+00 4.834604263305664062e+00 -1.958098367796596850e+00 -2.964538675497075282e+00 -6.907143272219105068e-01 -1.122712415820310738e+01
-2.577224431651516934e-01 -1.223304423606391911e+00 3.741755880135073653e+00 3.939083608734446074e-01 -9.627814052088519148e-01 -9.685016622219118076e-01 -6.738881052643721503e-01 -8.912102509440877895e-01 -2.393465800923292308e-01 -1.891181620263633789e+00
-4.471724505060955535e-01 4.554406845695999628e+00 7.492002667056006260e+00 1.129718145924000439e+00 3.147368686749659084e+00 -2.530330905522828466e-01 7.614459330643112978e-01 1.100795419995428404e+00 -1.841297984127306941e-01 6.480163697296195124e+00
-1.659766791582176215e-01 6.549871181727398906e+00 6.832802400350409755e+00 1.016746331331599862e+00 2.680713605065289329e+00 9.793545255229563207e-01 7.729124056556040401e-01 1.702298637562156713e+00 1.374834749829041414e-01 9.023423957603363021e+00
8.796982599933278468e-02 5.667728192852274915e+00 5.412504708086501637e+00 7.412080755407366439e-01 1.358307162692304892e+00 -6.987195392169996966e-01 7.028059164723785557e-01 1.963679788390269465e+00 2.241273340229701372e-01 7.826865779055626859e+00
6.262543312797852479e-02 1.440273230512275049e+01 3.083112435553559294e+00 2.871591950767413692e-01 7.780790257020360201e-01 2.284131569281635077e+00 -2.354915888600750407e-02 8.285642270018644950e-02 1.721058022263854959e-02 1.359256068965969888e+01
9.229696007281296133e-03 -7.445326665817972867e-01 3.678336101460821794e+00 3.939083608734446074e-01 -8.854668367589395572e-01 2.383057606885942370e+00 8.622822814447062001e-02 3.840931627333983300e-01 1.211965179485998689e-01 5.437627208347537433e-01
-1.659392354125119873e-01 -4.173943278354800057e+00 4.911760752214334502e+00 6.003785411879967171e-01 -1.145786905859023541e+00 1.630086712019252371e+00 3.692101928748270367e-01 -3.485038782170928329e-01 -5.869940378497440214e-02 -2.626071184903583600e+00
-3.713855992101647296e-01 -2.951819982707383438e+00 5.649037848661485839e+00 7.412080755407366439e-01 -1.859224021244984426e+00 3.653494757793476655e+00 -1.086175260629484995e-03 5.664318291696615049e-01 -5.132307067555006430e-01 -3.262699558394910326e+00
-5.594324968217272431e-01 -2.915051279790925776e+01 5.745979555086115909e+00 8.235645283785970605e-01 -3.823606822086261570e+00 3.894305229187011719e+00 -1.886576552756313641e+00 -2.962993990787103904e+00 -6.209164722080973142e-01 -2.593504403343971632e+01
-2.268369295556842413e-01 -1.100973981245752631e+00 3.367580292121566288e+00 3.545175247861003243e-01 -1.150305202965775653e+00 -9.962824113933388404e-01 -5.836674489091491225e-01 -5.506906868935868005e-01 -2.125855557862182943e-01 -1.508780358690252399e+00
-4.893807834356723729e-01 -9.010338388736003346e-01 6.742802400350406344e+00 1.016746331331599862e+00 3.218912857910335212e+00 -8.833347466476340060e-01 7.022095469780404997e-01 3.575532712280722336e-01 -2.533568491873038897e-01 9.996784745939919503e-01
-2.720974742732471530e-01 1.894884063554658660e+00 6.149522160315370911e+00 9.150716981984405862e-01 2.654709123817675209e+00 8.945365125722046784e-01 7.058201463829361089e-01 1.569732012632298890e+00 -1.561960462964417928e-03 4.214429008206348470e+00
-8.445177397506897776e-02 3.100955373567047424e+00 4.871254237277852894e+00 6.670872679866626243e-01 1.405223791178664250e+00 -6.976065978442023141e-01 6.360485716342161311e-01 -1.546073737093097478e+00 3.197937586740051685e-02 5.063862742210396561e+00
2.057000476451587012e-02 -1.103754092538952492e+01 2.774801191998200522e+00 2.584432755690677652e-01 1.000000000000000000e+00 6.905069002363124894e-05 1.000000000000000000e+00 4.728484153747558594e+00 1.397062057859709494e+00 2.131825122096135061e+00
4.407935075282498616e-02 -1.393378683285057207e+01 2.497321072798378339e+00 2.325989480121606334e-01 4.953590937255993865e-01 2.040402018779102544e+00 -1.170178669996992937e-01 -5.672929635860866071e-01 -1.396721686311737098e-01 -1.611310703233807828e+01
2.875980357836172008e-02 -6.700793999236176468e-01 3.310502491314736062e+00 3.545175247861003243e-01 -6.535837499808918594e-01 2.198792258091744944e+00 8.128773168142711114e-02 3.997782092075574667e-03 1.212789754833640821e-01 2.547884541906082490e-01
-7.264627247697871826e-02 2.434510494806803038e-01 4.420584676992902473e+00 5.403406870691966901e-01 -1.217345245196876924e+00 2.295370950692737111e+00 3.322783118347381048e-01 4.616260012361568243e-01 1.427979202299312078e-02 1.375270107116177698e+00
-2.115285762582969076e-01 -3.656637984436645006e+00 5.084134063795339387e+00 6.670872679866626243e-01 -1.671534428092088964e+00 6.568469487451566557e+00 -2.887600866774281627e+00 -4.202608856418427408e+00 4.410449044498112592e-01 -1.872330457022577832e+00
-2.041532366001157506e-01 -2.990876583121177212e+00 3.030822262909410370e+00 3.190657723074910024e-01 -1.152072393994172383e+00 2.715384274663001918e-01 -4.980061289161508142e-01 -2.980319120590380066e-02 -1.854341092900561039e-01 -3.339880425691429622e+00
-3.893100121625837629e-01 4.189069545013760276e+00 6.068522160315367842e+00 9.150716981984405862e-01 3.097377911705585518e+00 -6.109697847970054774e-01 6.545135696494615019e-01 1.224383720878169157e+00 -1.667326902001683431e-01 5.906415138969439482e+00
-1.477356102798318138e-01 -1.294604342800806940e+00 5.534569944283830978e+00 8.235645283785970605e-01 2.601966440148229420e+00 5.663949799228273907e-01 6.524234383061910947e-01 1.269731453119666398e+00 1.085112549649851488e-01 7.663231018902756375e-01
3.137205857443281509e-02 -4.209140163789657052e+00 4.384128813550070447e+00 6.003785411879967171e-01 1.475691700502324011e+00 -6.267567653729531063e-01 6.069999455976642366e-01 1.715333836181992311e+00 1.604505253308949886e-01 -3.904747208852588969e+00
5.501122355639886941e-02 2.245959185043448514e+01 2.247588965518538373e+00 2.093390532109449254e-01 6.723991327881728708e-01 1.763319498924304840e+00 -1.217884853453776728e-01 -7.243697635063979234e-01 -1.178137120539862748e-01 2.177429113930080717e+01
3.174767557647673044e-04 -1.603071459931255660e+00 2.979452242183263877e+00 3.190657723074910024e-01 -8.089980131900986748e-01 2.735876766317807629e+00 7.648174163163190542e-02 4.884131240636859772e-01 8.615014837597856356e-02 -7.093388419126736011e-01
-1.062877995728979535e-01 2.219105944532612007e+00 3.978526209293612226e+00 4.863066183622777316e-01 -1.095877355263402464e+00 2.222258298134254240e+00 1.027454416504594015e-01 -3.997227758417585264e-01 -2.503349612734218077e-02 3.295644047742253946e+00
-2.875278351985577352e-01 7.090258140070198056e-01 4.575720657415807580e+00 6.003785411879967171e-01 -1.669847573803051821e+00 2.795556720385875327e+00 1.702647750091936807e-01 2.379033462373323360e-01 -4.703763998448198258e-01 -8.195294692732577602e-01
-5.086025164325065351e-01 1.776453848188166873e+01 5.171381599577500765e+00 7.412080755407366439e-01 -3.823445236020396543e+00 4.704499244689940518e+00 -1.866474885405725148e+00 -2.928216495855896273e+00 -5.897335824996816633e-01 2.149977759584787051e+01
-1.837379129401042199e-01 -6.917889248090596244e-01 2.727740036618470754e+00 2.871591950767413692e-01 -1.320582419597649881e+00 -1.150941499825398395e+00 -4.297463527939058281e-01 -9.426466789004326330e-01 -1.701727524892044929e-01 -7.893530385822202788e-01
-3.350392030674689270e-01 -4.229837409487616107e+00 5.461669944283833900e+00 8.235645283785970605e-01 3.154961231406405275e+00 -1.040650852314088937e+00 6.023000210557727385e-01 6.221576728268445322e-01 -1.368820074441333690e-01 -2.476342622198103527e+00
-1.534151264236571777e-01 -1.165143908520725802e+00 4.981112949855450722e+00 7.412080755407366439e-01 2.595139243598805212e+00 -4.070353369718928693e-01 5.946406211291233035e-01 2.391805653445064905e-01 7.340403411827511881e-02 9.175165591341745142e-01
-7.558032333675357428e-03 -4.788226147410691524e+00 3.945715932195064113e+00 5.403406870691966901e-01 1.498749552095381077e+00 -6.255404530312319578e-01 5.478438701463135274e-01 1.166443166950658750e+00 9.451834369160549976e-02 -3.745524693018960960e+00
4.951010120075904908e-02 -1.478636733460896302e+01 2.022830068966683825e+00 1.884051478898509657e-01 6.516343165441389473e-01 1.904224501585025209e+00 -1.065409657420932632e-01 -5.473197221012799929e-01 -1.037430372158719694e-01 -1.569272811423318181e+01
2.857290801883127784e-04 -4.427643139381300941e-01 2.681507017964939621e+00 2.871591950767413692e-01 -8.026290289794593136e-01 2.082159169083221517e+00 7.139340486005529840e-02 -1.755922388658239797e-01 6.777208840168402748e-02 4.790705500002054862e-01
-1.109988274944645747e-01 -4.002804649920649105e+00 3.580673588364248872e+00 4.376759565260499585e-01 -1.153492832161352677e+00 2.791754400994602481e+00 1.064171681245085210e-01 3.031348804063318525e-01 -4.972616157490783451e-02 -2.922250884886519628e+00
-2.485485130927976849e-01 -6.361876767393682464e+00 4.118148591674227532e+00 5.403406870691966901e-01 -1.501216330136967647e+00 2.397756678911718620e+00 5.125683717962381536e-02 -6.075871317227190538e-01 -4.001121567052574601e-01 -7.792505926471729794e+00
-4.577422647892559482e-01 1.298808463369350186e+01 4.654243439619747846e+00 6.670872679866626243e-01 -3.823300654742339155e+00 4.127097129821777344e+00 -1.774029204112436808e+00 -2.641611855909185458e+00 -5.478045306996845998e-01 1.641034360324976760e+01
-1.653641216460937091e-01 -6.226100323281537063e-01 2.454966032956626520e+00 2.584432755690677652e-01 -1.472205957619068251e+00 -3.027019002541351256e-01 -3.703669052924496441e-01 1.055664347991527308e-01 -1.566347918547194018e-01 -8.368126924554992740e-01
-3.271016292254828040e-01 -3.806853668538854318e+00 4.915502949855451220e+00 7.412080755407366439e-01 3.189911668244693743e+00 -1.243994472782884664e+00 5.536053656296493486e-01 2.547170095092461395e-01 -1.515019005376673222e-01 -2.357351591680963310e+00
-1.073939980235786434e-01 -4.048629517668652866e+00 4.483001654869909203e+00 6.670872679866626243e-01 2.244740151801977834e+00 -5.085836814277153728e-01 -2.323643433542510017e+00 -4.154078481236235909e+00 -3.063957181729226598e-02 -1.202840229203437694e+01
-5.340809776487320804e-04 -2.065360000000000085e+00 1.554294000000000153e+01 2.361959999999999837e+00 1.864951312564606667e+00 1.808693267268257328e-03 3.358902181935084386e+00 6.785345737559842938e+00 3.412321086940695025e-01 1.087365580305279700e+01
2.921928320182676231e-02 -9.307730601148065830e+00 1.820547062070012601e+00 1.695646331008653362e-01 4.770527368360246712e-01 1.322697745298404115e+00 -9.380000022500745160e-02 -1.078349772704648935e+00 -1.137684713420902272e-01 -1.012307352910027269e+01
-1.508265170668687816e-02 -3.984878825443169958e-01 2.413356316168446369e+00 2.584432755690677652e-01 -5.852703324470542867e-01 2.401187656952636029e+00 6.577954758991122475e-02 2.108431447320899821e-01 3.704816435639168848e-02 3.963311209670123958e-01
-1.203520219168266736e-01 4.397475815071415717e+00 3.222606229527826827e+00 3.939083608734446074e-01 -1.188512094959088383e+00 3.179487113911667162e+00 9.628801968385403143e-02 7.700709833897798617e-01 -7.535886008766201627e-02 5.359209874101454218e+00
-2.390334696623743760e-01 4.274310909345686582e+00 3.706333732506806200e+00 4.863066183622777316e-01 -1.349505444974093527e+00 2.343656132504212675e+00 -6.400992441499608887e-02 -9.248887388697166756e-01 -3.806243686741019872e-01 3.078713436359628020e+00
-4.119680383103303534e-01 1.968927617032415256e+01 4.188819095657770220e+00 6.003785411879967171e-01 -3.823171359633394939e+00 4.180693626403808594e+00 -1.658926270108841639e+00 -2.494486362134499924e+00 -4.985922389557637668e-01 2.275330837908186865e+01
-1.488277094814842716e-01 -5.603490290953383468e-01 2.209469429660963158e+00 2.325989480121606334e-01 -1.608616459156710921e+00 -4.716317531619580450e-01 -3.215236705799995320e-01 1.796920462150062292e-01 -1.438708307374065853e-01 -7.784087271588298051e-01
-2.637118505452216710e-01 -3.426168301684969109e+00 4.423952654869907519e+00 6.670872679866626243e-01 3.206200682109765943e+00 -1.109173893015497292e+00 5.052120407632498811e-01 2.562580050151836986e-01 -1.075374718877216140e-01 -2.126488703691908455e+00
-6.597498246350795570e-02 -6.437665659017879349e-01 4.034701489382918282e+00 6.003785411879967171e-01 2.540027993437545373e+00 -5.943973990975638388e-01 4.717143759040638429e-01 -1.804999107730882457e-01 1.396581252965658493e-01 6.979536832609696262e-01
8.012334887987848653e-02 -4.309403532669622727e+00 3.551144338975561254e+00 4.863066183622777316e-01 1.588198391415906130e+00 -6.243451978892486931e-01 4.935454208879797022e-01 2.134068986208443874e+00 1.099326903346355966e-01 -3.191676065919949679e+00
4.163716276050055676e-02 6.623042458966740043e+00 1.638492355863007788e+00 1.526081697907795132e-01 5.710998124845652058e-01 9.881217909987058956e-01 -8.341409293721557816e-02 -1.302252655647274437e+00 -9.315783981757663756e-02 6.050662802990260047e+00
1.199195992874246830e-02 -3.586390942898853851e-01 2.172020684551604575e+00 2.325989480121606334e-01 -7.492625049183514463e-01 1.130554273887896199e+00 5.958838370802421736e-02 -1.029660234924236306e+00 5.076923814016298664e-02 5.924947040472154924e-01
-4.695758820971834835e-02 -4.042271766435725944e+00 2.900345606575044144e+00 3.545175247861003243e-01 -1.204807076838836366e+00 2.360594197779233738e+00 8.601911847131926692e-02 -2.559948445459436783e-02 -1.564344850570131840e-02 -2.944678993349524987e+00
-1.179780061300462757e-01 -6.153120181588882076e+00 3.335700359256122738e+00 4.376759565260499585e-01 -1.212998509467865249e+00 5.892997535809513465e+00 -2.719290619439862056e+00 -3.928795296705255513e+00 6.223847331596030763e-01 -9.271032021313910576e+00
-1.390582078262880827e-01 -2.450431412618580396e+01 1.988522486694868974e+00 2.093390532109449254e-01 -1.610172850165529912e+00 -2.620127722442333607e-02 -2.757852308813806275e-01 -1.861418337900353492e-01 -1.325455849449899137e-01 -2.474265002705521610e+01
-2.782468198343165944e-01 3.916448528483527980e+00 3.981557389382913925e+00 6.003785411879967171e-01 3.085882760163771721e+00 -1.464122021713422317e+00 4.641730058346862364e-01 3.652331513706510435e-01 -1.340102689663752455e-01 4.985720820126520181e+00
-1.463030621973434864e-01 2.420610090688390947e+00 3.631231340444628586e+00 5.403406870691966901e-01 2.539257231665896342e+00 1.577442509048729846e-01 4.298374109677931543e-01 5.238347826009004393e-01 3.600138870666502733e-02 3.649054694959417589e+00
-4.549417974600844516e-02 1.012153682059734017e+01 3.196029905078006550e+00 4.376759565260499585e-01 1.602452083965346219e+00 -6.232810082413330344e-01 4.445897881828004827e-01 1.267858065521922484e+00 -1.280524418292228184e-02 1.088587725696612196e+01
2.213363860559391938e-02 -3.039261786929934317e+00 1.474643120276709851e+00 1.373473528117017395e-01 5.582583458406400467e-01 1.042966758150106532e+00 -7.370262774017177776e-02 -1.134250783665903484e+00 -9.590773704685384704e-02 -3.696129416347716301e+00
3.635911040062900224e-02 2.677224815139103153e+00 1.954818616096446249e+00 2.093390532109449254e-01 -7.487844005269179704e-01 1.115011912966830554e+00 5.448973652193522810e-02 -9.587552447285077051e-01 7.468642860006124984e-02 3.325610025832837380e+00
-4.226182938874650796e-02 -6.380445897921536158e-01 2.610311045917541151e+00 3.190657723074910024e-01 -1.084523175235491355e+00 2.269813723921357607e+00 -1.226860878230220386e-01 -8.312539350028638196e-01 -9.573155734247773552e-03 1.346786208779118255e-01
-1.368598212747544896e-01 1.462191836570005954e+00 3.002130323330511885e+00 3.939083608734446074e-01 -1.211485394558273088e+00 2.210075117940399014e+00 6.082441369000690656e-02 -5.951260652946928076e-01 -3.244621069562927396e-01 1.929583376177571807e+00
-3.707712344792972736e-01 -8.279651446708264473e+00 3.769937186091993908e+00 5.403406870691966901e-01 -3.823056035539390773e+00 4.654192924499512607e+00 -1.574143701134771645e+00 -2.275983232216631791e+00 -4.786214059148246047e-01 -6.659872843901286643e+00
-1.200391177507069695e-01 1.946117286432776261e+00 1.789670238025379945e+00 1.884051478898509657e-01 -1.732719180436945283e+00 -1.706606165433135036e+00 -2.366762519544387544e-01 -1.273229864340647666e+00 -1.181880699508875976e-01 1.820973883081109079e+00
-2.095159835072678556e-01 -2.475196324364824729e+00 3.583401650444621112e+00 5.403406870691966901e-01 4.095655431487080556e+00 -1.613236891030156439e+00 -2.422756282978784093e+00 -3.525896185260564586e+00 -2.060863389259909306e-02 -1.058124432952690341e+01
-4.372536022589209037e-01 -5.101318599999999925e+00 1.314078139999999451e+01 1.913187600000000543e+00 1.549474581827794850e+00 1.594092498920500756e+00 3.238748426353065035e+00 5.350175062027022754e+00 5.635872988788581672e-02 7.324282754991010336e+00
8.688697055239580358e-02 -4.890616861462394382e+00 2.876426914570203053e+00 3.939083608734446074e-01 1.605247356778672696e+00 -6.222429108826750266e-01 3.993338433802486875e-01 9.958506705092560196e-01 1.102319438218986036e-01 -4.191330312834628202e+00
3.014681333093860438e-02 2.026466439176305911e+01 1.327178808249037445e+00 1.236126175305312103e-01 5.557314782479814141e-01 1.781813037317327542e+00 -6.639896464045236257e-02 -2.952251350912931116e-01 -8.089260022033628594e-02 1.965761305406848791e+01
-1.329622427600318790e-02 -1.590497666374806940e+00 1.759336754486803045e+00 1.884051478898509657e-01 -7.559972236857070982e-01 1.480854278208789232e+00 4.836132171472051766e-02 -5.035425271889435450e-01 1.451886118999023978e-02 -1.003190479032209481e+00
-8.405507008644109990e-02 -3.574240130812937899e+00 2.349279941325789878e+00 2.871591950767413692e-01 -1.097402464566967772e+00 2.128150076626366349e+00 -1.130589808856052869e-01 -9.423614233974153542e-01 -6.296217367153866817e-02 -2.888106055079596501e+00
-1.589667241979441092e-01 1.315972652913005358e+00 2.701917290997457144e+00 3.545175247861003243e-01 -1.088861734076645549e+00 2.165774677864125142e+00 -6.728800676362656219e-02 -9.422945639525233119e-01 -3.187672797220773013e-01 1.725185382234407427e+00
-3.336941110313675907e-01 1.354831369796256269e+01 3.392943467482794517e+00 4.863066183622777316e-01 -3.822953044717342319e+00 3.622698783874511719e+00 -1.451835485562441130e+00 -1.973733545347560625e+00 -4.425647139363597660e-01 1.497284056288130571e+01
-1.080352059756362060e-01 1.751505557789498679e+00 1.610703214222844792e+00 1.695646331008653362e-01 -1.842977484048361259e+00 -2.873500270310653804e-01 -2.060447974729413545e-01 3.116367797439281162e-01 -1.082338476213950962e-01 1.701359688746137522e+00
-2.090174623283496125e-01 -2.227676691928342390e+00 3.225061485400161132e+00 4.863066183622777316e-01 3.098023512543734981e+00 -1.739790276618835563e-01 3.557715521467308406e-01 1.287594671875551100e+00 -8.660306619571450648e-02 -1.951235773734008916e+00
3.182949418021789878e-01 -8.214509183804477033e-01 3.268108206400164306e+00 4.863066183622777316e-01 2.551465158687725943e+00 8.198568788713185285e-01 4.158002771159541311e-01 1.036889284667314115e+00 3.563886484676292987e-02 1.768215634398167424e+00
7.027131242619111262e+00 -4.015551753161545889e-01 2.588784223113179905e+00 3.545175247861003243e-01 1.609439692009924983e+00 -6.210080909027855256e-01 3.577654139767716401e-01 1.395366660946356419e+00 1.679445878088658972e-03 4.895099857907894148e-01
1.360797537407872326e+01 1.238197952586752137e+00 1.194460927424131569e+00 1.112513557774779116e-01 5.519469415621749420e-01 2.210566124747106009e+00 -6.083801864201543452e-02 1.431360217770230037e-01 -7.367837919150932446e-02 7.999846239183021623e-01
7.417613680811053101e+00 1.568552100262673665e+00 1.583403079038120609e+00 1.695646331008653362e-01 -7.611644035532521002e-01 1.895361691129491710e+00 4.178900767351922951e-02 -1.385939893645566912e-01 7.200770422336866261e-02 2.194465624744539767e+00
5.123764056116988375e-01 2.783183882268355447e+00 2.114351947193213732e+00 2.584432755690677652e-01 2.015839731264316814e+00 1.171834589903708590e-02 -2.159675096514210857e-01 -3.457687409438712223e-01 1.740131279231857953e+00 -6.551954013155565804e+00
-7.016096553841621564e+00 1.002336000000000116e+00 1.355962600000000151e+01 2.125764000000000209e+00 7.272334296770290862e-01 2.003486722031317058e+00 -4.274068694326826900e-02 -1.253954970896466570e+00 -2.052280947116055465e+00 1.577081673366693337e+01
-1.345676659069408210e+01 -8.806517671833693939e+00 3.053649120734512223e+00 4.376759565260499585e-01 -3.816560429004060673e+00 7.060435283589218791e+00 -1.357169139547301784e+00 -2.006411829538558678e+00 -3.507699720803829635e-01 -7.406390808271691384e+00
-1.362694223452942843e+01 1.576355002010548789e+00 1.449632892800558182e+00 1.526081697907795132e-01 -1.842977484048361259e+00 -1.528689532790643124e+00 -1.769142394153160325e-01 -9.501003297856094321e-01 -9.887361635649249969e-02 1.552037098685719485e+00
-6.968310798550048979e+00 8.995090977264492693e+00 2.902555336860146440e+00 4.376759565260499585e-01 3.363758722048959982e+00 -1.352742342207750248e+00 3.257148000307941160e-01 -3.957173033938232720e-02 -9.183074749319153351e-02 9.258615403727930016e+00
-7.146340288468856772e-02 -7.393058265424032882e-01 2.941297385760151428e+00 4.376759565260499585e-01 2.792658422352793934e+00 2.233092324567678144e-01 3.757340275461098500e-01 4.291932048206206218e-01 -6.307951943648193449e-03 1.754272352056673867e+00
5.915356574921029065e+00 -1.361399657784539308e+00 2.329905800801860494e+00 3.190657723074910024e-01 1.305056787560815224e+00 -6.199248958636847107e-01 3.196956770257424196e-01 -2.196331987667726082e+00 -4.127785164688946296e-02 -4.835919806213730965e-01
1.204264706495276549e+01 -7.885621842671923787e+00 1.075014834681716991e+00 1.001262201997299428e-01 1.000000000000000000e+00 1.301892610877316311e-04 1.000000000000000000e+00 4.245901107788085938e+00 1.432449937590281053e+00 4.892157175011785597e+00
1.088951505138700959e+01 -1.409705965840473141e+01 9.675133512135474234e-01 9.011359817975694853e-02 5.954704683806841814e-01 2.090974849871900076e+00 -1.566262338521813291e-01 -3.671185231162414908e-01 -2.236817409852083216e-01 -1.567771695172576507e+01
6.164525383434733996e+00 -5.883031097635935680e-01 1.425062771134307127e+00 1.526081697907795132e-01 -7.916386378502346943e-01 1.815508477709300017e+00 3.506576562716290368e-02 -3.035813805712139768e-01 1.411260253671908771e-02 3.088056436258490578e-02
-5.018816424468481446e-02 5.048654940415202574e-01 1.902916752473892359e+00 2.325989480121606334e-01 -1.362330436245122289e+00 1.861790422586069305e+00 -7.698255007464460675e-02 -8.143996917211531184e-01 -3.739481289175294876e-02 1.083704210021688041e+00
-6.923265134232684304e+00 -1.815624612378295311e+00 2.431725561897714272e+00 3.190657723074910024e-01 -9.783973403550729753e-01 5.759990021118735370e+00 -2.515291219703505110e+00 -3.333071144819327536e+00 6.809276887523338928e-01 -4.741657613647777936e+00
-1.231538070400600660e+01 -5.812804981905062007e-01 1.304669603520501653e+00 1.373473528117017395e-01 -1.844555704362269344e+00 -3.512872280547849613e-01 -1.439342079564500665e-01 -3.408037961908458868e-01 -8.697462277089040850e-02 -5.424467885995518657e-01
-6.578275876272172695e+00 4.095581879538042536e+00 2.612299803174131796e+00 3.939083608734446074e-01 3.227675612934517879e+00 -1.923442317972630988e+00 3.065116083799717117e-01 -1.895631066425540467e-01 -1.051713358976095747e-01 4.286386614974095011e+00
-5.756439918914334486e-01 2.334624756111836952e+00 2.647167647184133443e+00 3.939083608734446074e-01 2.635349159212344361e+00 -6.466036445176770453e-01 3.488394559879335333e-01 1.654959796065025301e-01 -4.253789038202637762e-02 4.497512376508222331e+00
4.505697830556584016e+00 2.774740307993914357e+00 2.096915220721676576e+00 2.871591950767413692e-01 1.467606651969931342e+00 2.294265453180051838e-03 2.772970120952145123e-01 -1.750451334869387310e+00 -1.000211020472197010e-01 2.143763200035351701e+00
8.982440459375965247e+00 -8.687353692564258267e+00 8.707620160921933916e-01 8.110223836178143131e-02 1.000000000000000000e+00 1.302071654637220106e-04 1.000000000000000000e+00 4.288601875305174893e+00 1.338580562822150544e+00 2.116623159131421517e+00
8.902319500310710509e+00 -1.181861832330783280e+01 7.836858144829719208e-01 7.299201452560311054e-02 5.250835556588748787e-01 8.643589620145573083e-01 -2.244377338300242997e-01 -1.886614812789091822e+00 -3.507254080417847586e-01 -1.318798010977546653e+01
5.803736309738866339e+00 2.470527201212765700e+00 1.282556494020873572e+00 1.373473528117017395e-01 -7.265336339781232056e-01 1.786706406347934983e+00 3.078936356370043370e-02 -2.441739410914607333e-01 4.493476430715936942e-02 3.021970520973578544e+00
7.218210461226043373e-01 4.543789446373684981e-01 1.712625077226505255e+00 2.093390532109449254e-01 1.959134301057106065e+00 9.174447529281337665e-01 -1.870999105482469282e-01 6.189003021864216691e-01 1.506205605331052411e+00 -7.855213221982959126e+00
-5.803159969162245524e+00 -5.097897599999999585e+00 1.220366340000000349e+01 1.913187600000000543e+00 6.542579135574833060e-01 3.093656030558832093e+00 -6.810793928681668774e-02 -7.807818787691451767e-01 -1.833227215606466842e+00 8.441272307273621323e+00
-1.144636492354089441e+01 -7.925865904650324367e+00 2.748284208661061712e+00 3.939083608734446074e-01 -3.814703331754607518e+00 5.586045266561656675e+00 -1.329367664935621862e+00 -1.785871741041988869e+00 -2.250211802064416844e-01 -6.255795075827254692e+00
-1.103270994067588440e+01 1.476847551628544419e+00 1.174202643168449356e+00 1.236126175305312103e-01 -1.844555704362269344e+00 -2.332668703665898846e-01 -1.164108218317707610e-01 -1.420187297084751776e-02 -6.978563826189398966e-02 1.557230126964867623e+00
-5.460254052279262638e+00 7.686023691584238371e+00 2.351069822856715064e+00 3.545175247861003243e-01 3.481091250213825816e+00 -1.219406870705079804e+00 2.870436133700104975e-01 1.644865786385167894e-01 -4.334371952232707326e-02 7.868843092138508410e+00
3.000434941700519387e-01 5.101162280500653345e+00 2.382450882465718678e+00 3.545175247861003243e-01 2.629781611394299556e+00 1.920331716353507190e-01 3.225052562426462543e-01 3.663131504394687710e-01 5.102978355989429282e-02 7.019225285228628763e+00
5.180047291950395483e+00 1.497266277194523099e+00 1.887223698649506787e+00 2.584432755690677652e-01 1.686906216603481390e+00 -5.568542490207764040e-01 2.161930583978435294e-01 1.335173075027231704e+00 9.402924440122140126e-03 -5.512492884973596574e-02
8.114352936138681471e+00 -2.636756490977049339e+00 7.053172330346768604e-01 6.569281307304208894e-02 4.822709813480674512e-01 1.112976582651083790e+00 -1.681080373429244545e-01 -1.248189123294872971e+00 -2.678400067709848509e-01 -2.942089278354506732e+00
5.069964599976416686e+00 -1.776525518908510737e+00 1.154300844618788346e+00 1.236126175305312103e-01 -8.408652252935011617e-01 2.377133648243708652e+00 2.522645664826672629e-02 3.504179160788689629e-01 2.283668380275849508e-02 -1.265487098315931647e+00
2.405773980741728879e-01 4.089410501736319148e-01 1.541362569503853308e+00 1.884051478898509657e-01 -1.479666341189272094e+00 2.134129446930312479e+00 -2.025750709978177966e-01 -8.281087934372655113e-01 2.392007022410869155e-02 9.015289637174070947e-01
-5.924142463232287881e+00 1.365937848859534398e+00 2.188553005707944976e+00 2.871591950767413692e-01 -9.768149182209295844e-01 5.662436907025618638e+00 -2.357160738182229043e+00 -2.988643602736299698e+00 6.441787796702493907e-01 -2.545817753803625294e-01
-9.980571639537817674e+00 -1.267083720353430998e+01 1.056782378851607973e+00 1.112513557774779116e-01 -1.846138126496412735e+00 -6.313716808448814888e-01 -9.950177478258481756e-02 -9.861121710283509145e-01 -6.739421916572818638e-02 -1.247614436571454632e+01
-5.016494032910379097e+00 -1.082578677574185022e+00 2.115962840571043557e+00 3.190657723074910024e-01 3.333282129204487632e+00 -7.680427503622655472e-01 2.610031728466877254e-01 9.803298907118840333e-01 -4.816575099923559033e-02 -8.941320275039537080e-01
-1.390223986831242986e-01 1.591046052450588277e+00 3.144205794219146810e+00 3.190657723074910024e-01 2.597022515679126453e+00 7.007304983909257157e-01 2.896312508975498190e-01 8.564123864672623654e-01 5.726626240053711570e-03 3.251324900302137166e+00
4.252981019319185485e+00 3.347539649475070433e+00 2.698501328784558950e+00 2.325989480121606334e-01 1.721266533392994624e+00 -5.557625357621013285e-01 1.914788522193822118e-01 -3.079354637806782868e+00 -3.058242518928011577e-02 1.735551790583038212e+00
6.996121484947686042e+00 -6.373080841879344760e+00 6.347855097312091743e-01 5.912353176573859059e-02 1.000000000000000000e+00 1.848661653136272095e-04 1.000000000000000000e+00 4.942607879638672763e+00 1.389793967791839169e+00 2.396291004592669083e+00
6.501040108171002530e+00 -9.735772757691410817e+00 1.571306958758086125e+00 5.321117858916402099e-02 1.792769106823479675e-01 9.910842678580408238e-01 -2.528681446811287259e-01 -1.694368991109107547e+00 -3.875749881046923750e-01 -1.084799904639702106e+01
4.767498911696860020e+00 2.401127032982340204e+00 2.038870760156910933e+00 1.112513557774779116e-01 -5.959720044797185423e-01 2.559021382540864309e+00 2.067806027346197340e-02 3.632902956308488029e-01 4.921570258501173356e-02 2.776408389949233779e+00
7.789792804914907887e-01 -6.319530548437315431e-01 2.387226312553465846e+00 1.695646331008653362e-01 1.919048599726048909e+00 -2.122108453891911051e-01 -1.488134917865084894e-01 -4.181728247027485246e-01 1.276530668297157334e+00 -7.255403251371708606e+00
-5.427374743964106685e+00 -5.588107840000000159e+00 1.198329706000000527e+01 1.721868840000000844e+00 5.885454711776754166e-01 3.886907847808321215e+00 -1.620403704018689162e-01 -5.089065568243991144e-01 -1.672728002664237712e+00 6.607338749859742677e+00
-1.025059573825728343e+01 -7.133279314185291931e+00 3.473455787794954119e+00 3.545175247861003243e-01 -3.812799579074368062e+00 5.859653191569144326e+00 -1.228624439891887743e+00 -1.638944883715777401e+00 -1.690094422152705889e-01 -6.670863983616595050e+00
-8.931381782654513657e+00 2.596246516819121108e+00 1.951104140966450018e+00 1.001262201997299428e-01 -1.846138126496412735e+00 -5.050939685872002372e-01 -7.859676161121420535e-02 -7.314329777620702799e-01 -5.055379857866415527e-02 2.727671283353458875e+00
-4.719375401337426723e+00 4.025679190183233835e+00 2.904366556513942044e+00 2.871591950767413692e-01 3.576738741233942420e+00 -1.297728818708570042e+00 2.441748599671811348e-01 2.637406990899417991e-01 -5.701967173890654106e-02 4.192912822249638793e+00
-2.785182376033760177e-01 5.431941447205529627e+00 2.829785214797233550e+00 2.871591950767413692e-01 2.513304749143026928e+00 -6.175175166956556883e-01 2.677522279146682394e-01 -4.245757092412461020e-01 -1.841622279060262102e-03 6.898209291189942860e+00
3.827682917387266848e+00 2.012785684527563568e+00 2.428651195906105897e+00 2.093390532109449254e-01 1.969996656798569390e+00 -4.990539376838178387e-01 1.307822238776923385e-01 -3.052921944942178278e+00 -5.974034880814871329e-02 -3.058366722812806415e-01
5.697538018565337481e+00 -7.621954819222693800e-01 1.414176262882278934e+00 4.789006073024815180e-02 1.000000000000000000e+00 2.338638340905690538e-04 1.000000000000000000e+00 3.687715530395506924e+00 1.388001882547517329e+00 6.548420628404853616e+00
5.281182295497368173e+00 -8.685975933730041731e+00 1.272758636594048198e+00 4.310105465722280371e-02 -6.941340782663552034e-02 1.098977668369643945e+00 -2.874632156441601083e-01 -1.544813995754543257e+00 -4.616885809025328413e-01 -9.731694817040846601e+00
3.779422091231960490e+00 -8.389856703158939943e-01 1.834983684141221261e+00 1.001262201997299428e-01 -5.121786842693998310e-01 2.776889410278967407e+00 1.566375599463309953e-02 5.478918379157633467e-01 -7.019610036179457779e-03 -5.065040448887385693e-01
-3.727051990776072410e-01 -3.568757749359358300e+00 2.148503681298116419e+00 1.526081697907795132e-01 -1.575246421203071456e+00 3.255038321050561123e+00 -3.087896458176659920e-01 -8.700531700914027056e-02 -3.018515163512658361e-02 -3.060793719674743230e+00
-5.996453224992835729e+00 -1.770655936026419131e+00 2.969697705137150479e+00 2.584432755690677652e-01 -9.751502139700984895e-01 2.163847506704759116e+00 -2.342862662541200791e-02 -1.516592678287391749e-01 -4.787860004246007328e-01 -1.788344165967572508e-01
-1.045272079474006688e+01 1.758004861723323842e+01 3.126110209015457997e+00 3.190657723074910024e-01 -3.822861778926335052e+00 4.162001609802246982e+00 -1.176887374123986696e+00 -1.351573423226973825e+00 -2.729378532481283592e-01 1.808667846615331953e+01
-8.038243604389062824e+00 2.336621865137209042e+00 1.755993726869803595e+00 9.011359817975694853e-02 -1.945226586353246301e+00 -5.113701697765904441e-02 -6.108287720733862614e-02 1.733975274637469255e-01 -4.279200383298475963e-02 2.574402918666386597e+00
-3.684978238978948273e+00 -1.376888728835089282e+00 2.613929900862544287e+00 2.584432755690677652e-01 3.516901504730605588e+00 -6.330570986097887598e-01 2.277712180183311119e-01 7.679054250397427950e-01 8.923079152942214876e-03 -1.126035496890427368e+00
4.651912871702608143e-01 8.887473024849770198e-01 2.546806693317506642e+00 2.584432755690677652e-01 2.478205600085362281e+00 -6.713450656897346214e-02 2.469062515328896978e-01 1.415388629614007243e-01 7.501366000966314118e-02 2.245016354774634237e+00
4.058506940802796059e+00 -1.188492883925192700e+00 2.185786076315494597e+00 1.884051478898509657e-01 1.920327992315198351e+00 -4.479779490548064791e-01 6.878242551826030393e-02 6.419167844643300924e-01 -5.358728219239017321e-02 -3.491523449853897176e+00
4.906462144736195796e+00 2.182621659642962619e+00 1.454827729346419574e-01 3.879094919150105625e-02 2.721671561259562111e-01 1.517995977317608158e+00 -2.128782926624124272e-01 -8.554192448420581130e-01 -3.272878788139281792e-01 1.664253651014941937e+00
3.759408732615414195e+00 1.244912896715695272e+00 6.514853157271005557e-01 9.011359817975694853e-02 -6.937427093373367271e-01 2.947791601944580453e+00 1.079862629736538793e-02 6.682749322531096325e-01 2.247047777228639021e-02 1.643352990882496201e+00
-2.863852159271823572e-02 2.788118025576577175e+00 9.336533131683069087e-01 1.373473528117017395e-01 -1.515522372832699638e+00 3.077950998730547560e+00 -2.781449675021536727e-01 -1.946437656818265083e-01 4.603778741721242795e-03 3.268084762199892523e+00
-4.936613666127860789e+00 1.406409657576222827e+00 2.672727934623438273e+00 2.325989480121606334e-01 -8.760965518151018205e-01 1.599384258991643382e+00 -1.295178385861275316e-01 -1.093485465846906646e+00 -3.979276309030090886e-01 3.227642491657455537e+00
-9.407448715266060191e+00 -9.177956244490086846e+00 2.813499188113908644e+00 2.871591950767413692e-01 -3.822780437326281699e+00 4.041314125061034268e+00 -1.063787654236971525e+00 -1.275279045242436293e+00 -2.492072909561380278e-01 -8.618056249730621232e+00
-7.234419243950155121e+00 2.102959678623488315e+00 1.580394354182821814e+00 8.110223836178143131e-02 -2.034293540692690083e+00 -4.531423559758609443e-01 -5.372934547746410772e-02 1.047975974789565612e-01 -4.163039019496561632e-02 2.321701863005518618e+00
-3.776674651446746189e+00 2.760800144048420002e+00 2.352536910776287016e+00 2.325989480121606334e-01 3.453118431488926721e+00 -2.893122455793575298e-01 2.038469093597843340e-01 9.704224984542371146e-01 -4.195242229197526651e-02 3.005451449015982490e+00
6.074330794658513999e-02 1.799872572236479229e+00 2.292126023985758820e+00 2.325989480121606334e-01 2.474228053594007548e+00 -2.445206807311763875e-01 2.181975715217765455e-01 -6.134863272326640526e-02 2.587679089079308881e-02 3.028088977184815178e+00
3.703788939652038259e+00 -1.069643595532673075e+00 1.967207468683945137e+00 1.695646331008653362e-01 1.918797118350880737e+00 -4.467738288244952893e-01 5.667542839642614183e-02 1.194609317939542947e+00 -6.062460547907000397e-02 -3.073403470833355300e+00
4.415815930262576572e+00 2.596435949367866414e+01 1.130934495641177762e+00 3.491185427235166117e-02 2.735284049868234035e-01 1.660701311433000038e+00 -1.950348763332652169e-01 -6.302040870069456346e-01 -2.904914505046157780e-01 2.547610133837418545e+01
3.178937087635786973e+00 -1.879578392955874477e+00 1.586336784154390500e+00 8.110223836178143131e-02 -6.897658261742218855e-01 2.740856434975772249e+00 5.771653445332702859e-03 4.070548424444702107e-01 -6.470659813416101969e-03 -1.425360365648121963e+00
-5.371015987286601456e-01 5.093062230189193684e-01 1.840287981851474797e+00 1.236126175305312103e-01 -1.451783901417615485e+00 3.259495052484520983e+00 -2.516256491377997229e-01 2.128607818833749832e-02 -5.357534068379354864e-02 9.980651004329246234e-01
-5.209942693457893625e+00 2.657686918186006331e-01 2.405455141161091603e+00 2.093390532109449254e-01 -7.870040115409855375e-01 3.410054901049945020e+00 -2.204641639062026037e-01 5.242503535371478840e-01 -4.413835839936703920e-01 1.965975085860890204e+00
-8.466703843739454172e+00 1.373983937995892290e+01 2.532149269302514938e+00 2.584432755690677652e-01 -3.822708010532639644e+00 4.184103012084960938e+00 -9.559746039662549988e-01 -1.317698156233187978e+00 -2.284009705317884276e-01 1.440031808963695070e+01
-6.510977319555140141e+00 1.892663710761139484e+00 1.422354918764540344e+00 7.299201452560311054e-02 -2.114404400145752483e+00 -3.280441988253857133e-01 -4.793649040552416807e-02 5.358493157226842385e-01 -4.190470461465189977e-02 2.310681906263987173e+00
-2.989945642865900588e+00 -1.515279870356422087e+00 2.117283219698656183e+00 2.093390532109449254e-01 3.386788797522559236e+00 -1.000196195492490503e+00 1.816638311244656023e-01 1.392244810081688655e-01 -1.866458928316605537e-03 -1.055338809729065019e+00
7.705266781652259089e-01 -2.380114684987169049e+00 2.062913421587182938e+00 2.093390532109449254e-01 2.786034558181470278e+00 -1.291340592758096983e+00 -2.699843096421108868e+00 -4.784433270488470669e+00 -1.907168533824292744e-01 -1.278404384927045356e+01
8.298355389581436370e+00 -5.858824000000000254e+00 1.498864600000000280e+01 2.125764000000000209e+00 1.600737142602050689e+00 3.019619877538612385e-03 2.937262415380543334e+00 4.703376877004952661e+00 3.646983567109587376e-01 6.393079522444267582e+00
3.923101644306797198e+00 3.367923544310798434e+00 1.017841046077059275e+00 3.142066884511685032e-02 8.865022061016425425e-02 1.653214968049210976e+00 -1.795240627353660301e-01 -5.658753684033275277e-01 -2.705406794022556793e-01 2.986677477180926132e+00
2.861043378872207832e+00 -4.691620553660286852e+00 1.427703105738949318e+00 7.299201452560311054e-02 -4.739581930943295163e-01 1.752318393104390859e+00 6.940541342652650769e-04 -4.941074444012008016e-01 -1.228540003727029983e-02 -4.170855829571641138e+00
-1.254625883491445326e-01 -3.541624399282972568e+00 1.656259183666328738e+00 1.112513557774779116e-01 -1.385477805297654408e+00 2.254218703541101210e+00 -2.286677258630813725e-01 -9.010932664515705071e-01 -1.963089046652655156e-02 -2.984392689828808898e+00
-3.973090723098805732e+00 -5.760808177363259119e+00 2.164909627044984575e+00 1.884051478898509657e-01 -7.068418082289955606e-01 2.209287904920590240e+00 -3.187106936769532606e-01 -1.120550321728401411e+00 -3.299665505014326428e-01 -4.110867812658014486e+00
-7.620033459365508577e+00 -1.563414455803697045e+01 2.278934342372266997e+00 2.325989480121606334e-01 -3.822643590690233406e+00 4.443693161010743076e+00 -8.314524668486242831e-01 -1.054227034742038827e+00 -2.078873077129670399e-01 -1.506930538749859139e+01
-5.859879587599625239e+00 1.703397339685025491e+00 1.280119426888084888e+00 6.569281307304208894e-02 -2.186485963284137135e+00 -8.646786820986385180e-01 -4.618116143713457689e-02 1.523480641986250106e-01 -4.005772333206913949e-02 1.945788409305450273e+00
-3.100012622015481334e+00 6.362481166792202103e-01 1.905554897728791275e+00 1.884051478898509657e-01 3.319076007748679835e+00 -1.481272072244661508e-01 1.581030498082363067e-01 8.718836301256001065e-01 -4.545436214933817887e-02 8.958438571318154686e-01
-2.269144623826814811e-01 8.578967835115474116e-01 1.856622079428461802e+00 1.884051478898509657e-01 2.441728144062777606e+00 -2.922342790699901105e-01 2.458991708357132211e-01 1.882024843929208657e-02 2.381985139000653007e-02 3.372810671512610270e+00
2.822083116391620905e+00 5.037320764020594588e+00 1.770486721815551334e+00 1.526081697907795132e-01 1.938401024843975584e+00 -4.455813822447424188e-01 -1.418190660384688329e-02 -1.832637889241997442e+00 -1.676539873713129847e-01 2.760126291114303854e+00
3.275128015228512268e+00 -4.968868810120280699e+00 9.160569414693497947e-01 2.827860196060427711e-02 1.000000000000000000e+00 2.775588755249802750e-04 1.000000000000000000e+00 4.406285285949707919e+00 1.411320251426484873e+00 4.214338600062692564e+00
3.101013292494226192e+00 -1.047198192910825298e+01 8.244512473224148152e-01 2.545074176454420467e-02 -3.789052800745729144e-02 1.941604033181437705e+00 -2.662042820720369463e-01 -6.382338790059458589e-01 -3.969295776022426780e-01 -1.187094568050708787e+01
2.626071733914509210e+00 -3.222458498294257900e+00 1.284932795165055097e+00 6.569281307304208894e-02 -4.407401700173827486e-01 1.578554946404230108e+00 -4.530424780885056180e-03 -6.534068814806239800e-01 -8.655922633215018536e-03 -2.910837899457895617e+00
-1.129163295142300849e-01 -2.187461959354675578e+00 1.490633265299692312e+00 1.001262201997299428e-01 -1.317776589337449122e+00 3.364909963102510559e+00 -2.089880602135427701e-01 3.157347513122399363e-01 -2.077355557101556727e-02 -1.841640471302916637e+00
-3.678047036647967616e+00 -1.184727359626933652e+00 1.948418664340486828e+00 1.695646331008653362e-01 -6.347256978178817954e-01 3.315591894566530584e+00 -3.223698306578248740e-01 -1.375932587830455134e-01 -3.073826569099580297e-01 1.559565919289482849e-01
-6.858030113428958074e+00 -1.107073010223327358e+01 2.051040908135043139e+00 2.093390532109449254e-01 -3.822586360972756392e+00 4.054713249206543857e+00 -7.971524430672555228e-01 -1.117547682449280266e+00 -1.848101791221359314e-01 -1.056221832299690888e+01
-5.273891628839662005e+00 1.533057605716523053e+00 1.152107484199277110e+00 5.912353176573859059e-02 -2.251333232936662654e+00 -2.155462918697419461e+00 -3.501964684492087088e-02 -9.301489253906609633e-01 -3.264102261210000133e-02 1.745619980578549502e+00
-2.687745973954890566e+00 2.572623305011298100e+00 1.714999407955914990e+00 1.695646331008653362e-01 3.250903429773706499e+00 -4.917129035502876278e-02 1.478064869945416859e-01 9.145535241179967301e-01 -2.593338739053741016e-02 2.788119526635835399e+00
3.077555736721859780e-04 7.721071051603924928e-01 1.670959871485614201e+00 1.695646331008653362e-01 2.411143337320250435e+00 6.655971258708797134e-01 2.247034209285541095e-01 1.008994124051429964e+00 3.999296806036833907e-02 3.003319824769373980e+00
2.948936348188629708e+00 -1.466411312381464604e+00 1.593438049633995490e+00 1.373473528117017395e-01 1.916180825601537130e+00 -3.998477955553200180e-01 -7.629180231047438809e-02 -9.633026676617717499e-02 -1.533400397626030198e-01 -5.305402882080873184e+00
2.944310042033368546e+00 2.257521626380257374e+01 7.420061225901761759e-01 2.290566758808942893e-02 2.758329392158733739e-01 7.814043461300637095e-01 -1.834099823101302817e-01 -1.649255230244504489e+00 -2.897563430952599939e-01 2.273283752453149376e+01
2.670260718100187169e+00 2.099787351535168156e+00 1.156439515648550298e+00 5.912353176573859059e-02 -6.267224516702101234e-01 2.188655178430668258e+00 -9.068591380851920292e-03 -3.394591409135916393e-02 1.757584302582326785e-02 2.357432225303251805e+00
4.608349256619280743e-01 5.031284236580791713e+00 1.341569938769723080e+00 9.011359817975694853e-02 -1.249704907946032950e+00 2.211178362921864426e+00 -1.913129524987668972e-01 -8.490353351177519770e-01 3.128202855687867157e-02 5.346087993638814595e+00
-2.696650017828914336e+00 9.337453763357599357e-01 1.753576797906440277e+00 1.526081697907795132e-01 4.242866062478537259e+00 5.853502045795551112e+00 7.972254415974724395e-01 5.729243536127654579e+00 2.480992838862882799e+00 -1.468735085590481759e+01
-1.573608624906020381e+01 -6.600000000000000533e+00 2.239999999999999858e+01 3.599999999999999645e+00 -2.242866062478537259e+00 1.319232154447889549e+00 7.336277711643324650e+00 1.087905867332742105e+01 -1.701748971130264909e+00 1.710844281900696373e+01
-2.572369455347964795e+00 -6.846390254898313543e-01 1.543499467160323491e+00 1.526081697907795132e-01 3.126054028591692457e+00 -1.128599962142504243e+00 1.754748352579795778e-01 4.871050662659737185e-01 -3.735358849309289297e-02 -3.125515395730467105e-01
-2.042537917017805404e-01 -5.305103605355646401e+00 1.503863884337050649e+00 1.526081697907795132e-01 2.435877771035770856e+00 2.240114849947281161e-01 2.478344715589484437e-01 6.158529840819717549e-01 1.642375382323124633e-02 -3.150925915935822275e+00
2.142715784074552765e+00 -5.319770181143318233e+00 1.434094244670596652e+00 1.236126175305312103e-01 1.887171897978676682e+00 -3.987916046063167963e-01 -1.582962725614667221e-02 -2.023478778087550722e+00 -1.840660209078672782e-01 -8.206258104837534262e+00
2.445348266111945890e+00 -7.682305362577686481e+00 6.678055103311564267e-01 2.061510082928030840e-02 1.000000000000000000e+00 3.166369390452002369e-04 1.000000000000000000e+00 4.739499092102051669e+00 1.414951545478180694e+00 2.210851819308263799e+00
2.251946132430271419e+00 -1.091407482631991854e+01 6.010249592980443367e-01 1.855359074635209993e-02 1.330553550439361743e-02 1.111916535308363319e+00 -1.996289239347452948e-01 -1.442783440012817664e+00 -4.139326822512449100e-01 -1.199255929367522633e+01
2.198703874572083272e+00 2.889808616381651429e+00 1.040795564083694558e+00 5.321117858916402099e-02 -4.349525545415549033e-01 2.428503100241528045e+00 6.369538886719539050e-02 2.840636793566782003e-01 7.549007477461788795e-03 3.106900535075172165e+00
-9.657549619947851383e-02 3.528155812922712187e+00 1.207412944892752193e+00 8.110223836178143131e-02 -1.124837306377970414e+00 4.050981935636823295e+00 -8.991005902855331300e-02 7.083150860564817464e-01 -8.308822419621275657e-03 3.735768219355055209e+00
-2.989444638270758681e+00 2.840370838702183764e+00 1.578219118115796960e+00 1.373473528117017395e-01 -5.686025187577212758e-01 2.896644703897217177e+00 -8.489634326004100728e-01 -1.239081345777781618e+00 -4.115265304479884811e-01 4.890486070482907621e+00
-6.172227102086061734e+00 1.303634290799005413e+01 1.845936817321536694e+00 1.884051478898509657e-01 -3.822535688065242354e+00 4.157400131225585938e+00 -1.055498457357553654e+00 -1.656632278269847935e+00 -1.657601967125783560e-01 1.361851473767598009e+01
-4.746502465955696692e+00 1.379751845144870703e+00 1.036896735779350820e+00 5.321117858916402099e-02 -2.310793421183293006e+00 -1.035168530259987563e+00 6.735741738380340848e-02 7.839118190312888146e-02 -6.127108245883583493e-04 1.149903070752422707e+00
-1.957203659306520294e+00 -4.616175122940847864e+00 1.389149520444291852e+00 1.373473528117017395e-01 3.070544825454055271e+00 -1.014533581808001461e+00 1.649975272878307919e-01 3.866702288871390891e-01 6.686899881307106774e-03 -4.362422124170834081e+00
6.342946743407396060e-01 -1.774593244820081850e+00 1.353477495903348427e+00 1.373473528117017395e-01 2.403922394364900850e+00 -4.197513963545727034e-01 2.272205134505371760e-01 -1.050625497981272360e-02 1.019450674540283153e-01 9.412895866513082410e-02
3.155628835975610613e+00 -3.787793163028986498e+00 1.290684820203537697e+00 1.112513557774779116e-01 1.887388997485654585e+00 -3.576642548115378517e-01 -9.415756458223167868e-02 6.777884015857722488e-01 -9.321111250142055660e-02 -6.339477423473802276e+00
2.180149597975807652e+00 1.177332656312072956e+00 5.409224633682399030e-01 1.669823167171635703e-02 3.017194725407650324e-01 2.141685649441012806e+00 -1.152428634878788216e-01 -1.385509619915321622e-01 -3.040747226423728966e-01 3.781704499589473301e-01
1.620904636608224259e+00 -1.399172245256513847e+00 9.367160076753222597e-01 4.789006073024815180e-02 -6.190048065404547550e-01 2.760539948982950520e+00 4.575178381598288269e-02 6.327526897050788079e-01 -3.436200202493222555e-02 -1.052798007470654440e+00
-7.516429546633085490e-01 -3.824659768369558677e+00 1.086671650403474132e+00 7.299201452560311054e-02 -1.069419420055198300e+00 3.520740745188640552e+00 -9.308477905632361882e-02 1.966198002971148995e-01 -8.058071709303327168e-02 -3.502952670119700684e+00
-3.662021340104588241e+00 -2.443666245168034656e+00 1.420397206304215842e+00 1.236126175305312103e-01 -5.105128876362924339e-01 2.677996415035918343e+00 -8.298967593824797540e-01 -1.476075003813070996e+00 -4.606419630817026878e-01 -6.940958938469137252e-01
-5.503871698947934377e+00 -1.826729138280894915e+01 1.661343135589383735e+00 1.695646331008653362e-01 -3.822490796792032963e+00 3.547382354736329013e+00 -9.352121876572339065e-01 -1.544358188088192696e+00 -1.464157579265714659e-01 -1.780446289158808781e+01
-4.271852219360127378e+00 1.241776660630383722e+00 9.332070622014185801e-01 4.789006073024815180e-02 -2.363029197919369828e+00 -1.367041240033278093e+00 5.805394829615373453e-02 -1.952626175970628708e-01 -7.418405632210411937e-03 7.645462790682842069e-01
-2.017146758023474540e+00 2.845442389353237012e+00 1.250234568399861246e+00 1.236126175305312103e-01 3.014758146058964527e+00 -5.752186094970248575e-01 1.438114383122108819e-01 7.067607267923019521e-01 -2.397397301588799490e-02 2.943224449165526835e+00
-2.472578799656764414e-01 2.402866079661926335e+00 1.218129746313010742e+00 1.236126175305312103e-01 2.440823860434016890e+00 4.958152901592609574e-01 1.967667494595515265e-01 8.669680920352789144e-01 3.291216494743398613e-03 3.938731059438779880e+00
1.919677479646663798e+00 -4.090138467260882038e-01 1.161616338183186770e+00 1.001262201997299428e-01 1.846023850184024706e+00 -3.564418181109539896e-01 -9.228640479079697201e-02 7.419554403077111004e-01 -1.946246760425267563e-01 -3.037162636780085023e+00
1.911001945248704814e+00 1.059599390680865838e+00 4.868302170314180444e-01 1.502840850454489896e-02 3.389403092877580903e-01 6.633647477746085208e-01 -1.108209860634365995e-01 -1.612853674278227345e+00 -2.758740675754891569e-01 3.301509845912207197e-01
1.458814172947401566e+00 2.740744979269137627e+00 8.430444069077935865e-01 4.310105465722280371e-02 -6.551386928175477742e-01 1.663801007710569380e+00 3.277668680937839696e-02 -5.761412882303691418e-01 -3.820343420411287383e-02 2.907661270359880312e+00
-1.140190369722425545e-01 3.557806208467397369e+00 9.780044853631295609e-01 6.569281307304208894e-02 -1.013657144182781078e+00 3.897172295481300619e+00 -9.207526874451632537e-02 6.108293105246831445e-01 -2.437541049337710319e-02 3.717065739248761602e+00
-2.324298040433223633e+00 -2.199299620651231191e+00 1.278357485673794258e+00 1.112513557774779116e-01 -4.582666618923633695e-01 3.078263105387412324e+00 -8.601955820479876280e-01 -1.177435351644987804e+00 -3.202812856338130842e-01 -7.328757198727480215e-01
-5.004617221982661235e+00 -5.440562244528056368e+00 1.495208822030448914e+00 1.526081697907795132e-01 -3.822451095280225974e+00 4.484796524047851562e+00 -8.206194240875676060e-01 -1.394153161552986964e+00 -1.406725614561654680e-01 -4.990531823120761601e+00
-3.844666997424114996e+00 1.117598994567345461e+00 8.398863559812781432e-01 4.310105465722280371e-02 -2.410011099577098914e+00 -1.229829912769667466e+00 4.900208431214636562e-02 1.455781379477176785e-01 -1.203502605521178381e-02 7.572889790820838130e-01
-1.304105152925913558e+00 -3.439101849582086423e+00 1.125211111559877963e+00 1.112513557774779116e-01 2.959313032934038912e+00 -1.369401368835994948e+00 1.242252016615221777e-01 -2.398633582637046402e-01 2.402104335157295711e-02 -3.310136988414178916e+00
6.978563807622759629e-01 -1.837420528304265943e+00 1.096316771681706825e+00 1.112513557774779116e-01 2.473900556924658378e+00 -4.599383222351487444e-01 1.691203408313084466e-01 -1.412550775388119462e-01 8.824909174193140693e-02 -4.632968738013865106e-01
2.648098204413383172e+00 -3.368112462053479028e+00 1.045454704364871645e+00 9.011359817975694853e-02 1.807877415430856338e+00 -3.552165162470893867e-01 -9.088761946102685840e-02 9.890179203552236231e-01 -9.069813171958562847e-02 -5.724198907047025386e+00
1.719901750723835221e+00 2.395363945161277996e+01 4.381471953282769505e-01 1.352556765409040906e-02 3.732644960838431558e-01 9.759221378663103241e-01 -1.072073822222883166e-01 -1.145774809129573413e+00 -2.513585543066297889e-01 2.330186018699258099e+01
1.364065448582183038e+00 -1.533329518657776003e+00 7.587399662170142278e-01 3.879094919150105625e-02 -6.875082709148450100e-01 1.718890266118662247e+00 2.083650520256341565e-02 -4.343240730411093153e-01 -3.383994317519745110e-02 -1.352206002129557660e+00
-3.582805979226251769e-01 -3.797974412379342191e+00 8.802040368268180259e-01 5.912353176573859059e-02 -9.582356447331097371e-01 2.709239569571065598e+00 -9.146969769054447141e-02 -5.272345017541963941e-01 -5.286493941298830990e-02 -3.668113716819126680e+00
-2.552062472755593170e+00 -4.979369658586108471e+00 1.150521737106416253e+00 1.001262201997299428e-01 -4.112780726346484950e-01 3.225415804478327875e+00 -8.820265191029978968e-01 -1.259165689718086956e+00 -3.372089160810447517e-01 -3.684975849812676785e+00
-4.504155499784394223e+00 9.103493979924749624e+00 1.345687939827406865e+00 1.373473528117017395e-01 -3.822416051215693500e+00 3.978300094604491299e+00 -7.118291785711829966e-01 -1.132843880806878811e+00 -1.289344972437911352e-01 9.524366584166912730e+00
-3.460200297681703674e+00 1.005839095110610870e+00 7.558977203831531710e-01 3.879094919150105625e-02 1.462596356479005877e+00 -4.254037037321939607e+00 -3.331518131695147211e+00 -5.503941054891242857e+00 3.701292900481309989e-01 -1.070853009147990065e+01
-6.891328369337432314e+00 -1.149809105400000142e+00 1.122335933060000457e+01 1.394713760400000169e+00 9.009798788948266690e-01 1.012821496388494058e+00 1.646170297035061125e-01 3.335021426236330910e-01 -4.697769484039707732e-01 1.074686695136994885e+00
5.217469614054037752e-01 4.088132600000005112e-01 1.282670325999999505e+01 1.721868840000000844e+00 1.723794967969670466e+00 3.748779368429391301e-01 5.125573404015710821e-01 5.885231255354712587e-01 -4.355960295428396023e-02 1.792748756486147954e+00
7.366254464764249832e+00 7.270583999999997715e-01 1.348978140000000536e+01 1.913187600000000543e+00 6.412231944645370163e-01 3.919543754438582946e-03 2.854947651988508195e+00 5.221622922582795923e+00 1.859181214018053030e-01 1.292798325239816215e+01
1.445646189792409331e+00 1.255827550645150126e+01 3.943324757954513871e-01 1.217301088868083525e-02 1.290900430204818150e+00 1.088444592830987823e+00 -1.042459210319828244e-01 -5.751974841105669256e-01 -2.404022377119602316e-01 1.198547716496460680e+01
5.629338956401861438e-01 -3.799965667919984469e-01 6.828659695953120945e-01 3.491185427235166117e-02 2.289730811892889406e-01 1.040001638412200613e+00 9.899919033475867991e-03 -5.449395374423016136e-02 -1.015884823772501555e-01 -2.049630046914927561e-01
-2.521158334099781850e+00 -3.418176971141408060e+00 7.921836331441340917e-01 5.321117858916402099e-02 7.547019686914806513e-01 1.462809705088664369e+00 -2.061571729633013828e+00 -3.765590716047214848e+00 -3.995749082084332215e-02 3.472483467809578173e+00
