1.092961311368519318e+03 7.599999999999999091e+03 4.559999999999999272e+04 1.139999999999999818e+04 9.499999999999998863e+02 0.000000000000000000e+00 9.499999999999998863e+02 3.593657016754150391e+03 1.092961311368519318e+03 7.599999999999999091e+03
2.157115320710573769e+00 5.136388678727927815e-01 6.717231695076817388e-01 6.716383659264931749e-01 9.974789797022750690e+02 1.340134722366881581e+00 9.974999999999998863e+02 3.238972805979295488e-01 7.496268924119910970e+00 2.510805529537223774e-02
7.650571482055097405e-01 1.015167352850005145e+00 7.462898505965411822e-01 7.461744626089283905e-01 5.909432460891110850e+01 1.465295365161649155e+00 9.998749999999998863e+02 2.381499327235577501e-01 1.994129387542489251e-01 6.729463251019531800e-01
1.275354540736614473e+00 8.615413593534806402e-01 9.226542221266740285e-01 8.571709116876928825e-01 1.477224826001941826e+00 2.042880010292020820e+00 1.208800448430493280e+00 1.067751313461846596e+00 9.112378605535638165e-01 2.745682490516893060e-01
1.504140960745655287e+00 5.546176709177411679e-01 1.039527049160326344e+00 9.580727870754580655e-01 3.611704734789009663e-01 9.893123905127376716e-01 6.651295407827789719e-01 5.812359631128937165e-01 1.174743215273565733e+00 3.356708066296685278e-01
1.092406058641291811e+00 1.790759761321944754e-01 1.142246918038558379e+00 1.049475995709987286e+00 5.060530273021511816e-01 9.958818350861049495e-01 8.389993704414224762e-01 7.233252977195283595e-01 6.353117031958188665e-01 1.324504129033576838e+00
5.131672620148081121e-01 7.892124335900752019e-01 1.236197362028387037e+00 1.133536426999474100e+00 5.526436247626624887e-01 5.962968322953630107e-01 9.121256000816301279e-01 4.369284224061647515e-01 9.529062375152706765e-02 1.858403716603949318e+00
3.409293642079791464e-01 4.069187483671700689e-01 1.323407320189253777e+00 1.211775029637985890e+00 6.948088194910926330e-01 3.047551418590341288e-02 1.138389401159748626e+00 1.851844446776369946e+00 9.855866608063531542e-01 1.421863019586088406e+00
4.874047608320464242e-01 7.782723926926357061e-01 1.272660917723596796e+00 1.155927184352423032e+00 5.174067060269477158e-01 1.084974755099862742e+00 8.529804963093401415e-01 7.668696208097791622e-01 1.226335908261570573e+00 1.546908642899808284e-01
2.960015180460527293e-02 1.624636218292734302e+00 1.467759735264961174e+00 1.340725451072662944e+00 6.546065909793185034e-01 8.105093517193229236e-01 1.173866123291461783e+00 5.501981411345622242e-01 4.881004470144175711e-01 8.976851506811843739e-01
6.158879383564872523e-01 1.383490269287719565e+00 1.403382461145674442e+00 1.272590820104379405e+00 6.925149033916525587e-01 8.701672413086045665e-01 1.280545473604506324e+00 7.822598578896458044e-01 5.446330731656882918e-02 7.467444072836785240e-01
1.246208159268128224e+00 1.000957497872867030e+00 1.444190724430619799e+00 1.317717648781799644e+00 1.913422664833653419e+00 3.020497070754671665e+00 1.686101719485553430e+00 1.471276625771721136e+00 7.008489875113014245e-01 2.895178603154273667e-01
1.780107589139700908e+00 1.635521867039885224e+00 1.498117449478659102e+00 1.367043885173465423e+00 4.266366862434897156e-01 7.909706440778924152e-01 6.922147168561757491e-01 3.995279997524995852e-01 1.263138151547891663e+00 9.879279081647545091e-01
1.131893771905641222e+00 2.693968960550827685e-01 1.550985524122757031e+00 1.415026707347525559e+00 5.658416639334240550e-01 9.956156340885492506e-01 8.389006381851169536e-01 7.636122913632925613e-01 5.539581974192615554e-01 1.094592369488100569e+00
4.498474471207675740e-01 7.515661292445391384e-01 1.716149208337869991e+00 1.461513297666169331e+00 5.904163854462844974e-01 2.122544733640335246e-01 8.679545619163393511e-01 1.560351095972936641e-01 1.868936469300631897e-01 1.572132516599476615e+00
1.509949163542709805e-01 3.709534353213431168e-01 1.778734891864413248e+00 1.506615001659380226e+00 8.577768957316767029e-01 1.075886052359775573e-02 1.038484441080319565e+00 1.585170106163060755e+00 8.051630537482342698e-01 1.195372346777951567e+00
5.038547859846196353e-01 7.002465614716081310e-01 1.677358124552856822e+00 1.397732248804514965e+00 3.734803010913656518e-01 8.175900644517923865e-01 7.545279457526935518e-01 5.600907717643889283e-01 1.224991149642941757e+00 1.084326964230937079e-01
1.057673961070551560e-01 9.349769595403674138e-01 1.874874325446077794e+00 1.579713804794954823e+00 6.720081917355026357e-01 4.047804030034516387e-01 9.994172112479230430e-01 2.650627265142463940e-01 3.977311440876810100e-01 1.423085650711464201e-01
7.045147928058805853e-01 1.470882808935844999e+00 1.769570106212725813e+00 1.468808911650675064e+00 6.111968946906062294e-01 7.147491611089124008e-01 1.281766387710874477e+00 4.104534415292415694e-01 1.474863958783542428e-01 8.205779060686949622e-01
1.291445093403436051e+00 1.436496757557079951e+00 1.792293443521502772e+00 1.493449194017916648e+00 2.025291693671635862e+00 2.569818712966586371e+00 1.910890518949114103e+00 1.689420920299735007e+00 7.328146073975316810e-01 7.745429445247177247e-01
1.815785909001846887e+00 2.421102684869171462e+00 1.964868284096945139e+00 1.524491499872355771e+00 4.447907986843634975e-01 7.572860416314565191e-01 6.462725336028929402e-01 3.825482865959518586e-01 1.255799549968321660e+00 3.075325965173576925e+00
1.221261926513572460e+00 8.856030453877432596e-01 2.017567496878910127e+00 1.555346165763315414e+00 5.824044309470460812e-01 1.065921156751528376e-01 7.850090045612921896e-01 1.314102214956932024e-01 6.211318224795145948e-01 3.448643850958219570e-01
5.807555781936193373e-01 8.972961893809165979e-01 2.049309735569592394e+00 1.585693559425298105e+00 7.072080961244837649e-01 4.274597681075458788e-01 1.811318302617797860e-01 2.653919955356401350e-01 2.224974254947051089e-01 5.072269695061104589e-01
4.875933900284033784e-02 7.797019941411418298e-01 2.511315196705603547e+00 1.982555583124540721e+00 8.907659353892611875e-01 2.159352510095413624e-02 1.497890292107710186e+00 1.887607390045956013e+00 8.997421050775800122e-01 1.333599162470516519e-01
5.077125521264589381e-01 2.526457354690035739e+00 1.987362026061394671e+00 1.506867610193454166e+00 4.383977509523642180e-01 3.333439109993137084e-01 6.889558919603678833e-01 1.754514392498895403e-01 1.198196425530983600e+00 2.992659035372985610e+00
3.921316070664132569e-02 7.355900411317486398e-01 2.164654324756976944e+00 1.666432809325076869e+00 3.850111484472726331e-01 9.129739287563206629e-01 5.502528095571248556e-01 3.598545055563158179e-01 9.181860163955103404e-01 4.346912649096611458e-01
6.976529216134754741e-01 1.080178918267859833e+00 2.654756927659606802e+00 2.086503320670586525e+00 6.319185613361485432e-01 1.389356781318168643e+00 9.405869897663843293e-01 7.439931238049142248e-01 8.576273858741412237e-02 5.539408299378597578e-01
1.483170994765409256e+00 1.514408866664094244e+00 2.725570560140144760e+00 2.145947912441870109e+00 6.549171510496112347e-01 4.178434272000474126e-01 9.754279081058450096e-01 5.023541233304792408e-01 7.139755335950095372e-01 9.964085991912023932e-01
2.305931214822874331e+00 1.115095373807957646e+00 2.774230363750123551e+00 2.186305649768933712e+00 2.107468706577231732e+00 3.484356618360728852e+00 1.578864531660547188e+00 1.409909556106288653e+00 1.796886663698760156e+00 6.406280054471312491e-02
1.756288835911044677e+00 7.371064092775556631e-01 2.140859254836445125e+00 1.642437175030082352e+00 5.157180216112536852e-01 4.204437303917147317e-01 6.629972170966033085e-01 1.741124994413696392e-01 1.196396364005137603e+00 2.773680523269116960e-01
1.168023704658778916e+00 3.916176556386150587e-01 2.135557261236291637e+00 1.632571288582819413e+00 6.526045032725401596e-01 3.489018865779736633e-01 7.760089244379135831e-01 3.271642609440241212e-01 5.832168831298197853e-01 5.583009940410558342e-02
4.982892818340767249e-01 2.428516748645461742e-01 2.147162539833234796e+00 1.649670812093453787e+00 7.080894678744462656e-01 5.716352945774219041e-01 4.732056581406675067e-01 2.433857504084080137e-01 3.035360447500379602e-02 1.067435861439562511e-01
1.149482963938799618e-01 2.494921858112370827e-01 2.408978560899642130e+00 1.848977262346721329e+00 9.720309964119994151e-01 2.890244196953362446e-02 1.192809824843355626e+00 1.922601236733802343e+00 7.625442673517599523e-01 4.163959473458724858e-01
4.564864297797263659e-01 1.111901587777387013e+00 2.041158687105246283e+00 1.534132465546306667e+00 1.950177430689045144e-01 1.999514540617100267e-01 6.582701985708615533e-01 1.051219796913372279e-01 1.060464635685327783e+00 7.820220375084574460e-01
1.043799989984466603e-01 6.667976337485979066e-01 2.217556218459070472e+00 1.695988709995221777e+00 5.991625319823147278e-01 8.903410319877800294e-01 6.733214156322944177e-01 4.495625810175492010e-01 4.470331788483968838e-01 4.221839190056593527e-02
8.401301235760716413e-01 4.992067577145997137e-01 2.297451159010049704e+00 1.721433060577952423e+00 5.114285396589780541e-01 1.034650564034403697e+00 1.340543975326326409e+00 6.570577442762295384e-01 3.008788990111254669e-01 1.504348208144703353e-02
1.525937386689959929e+00 2.081687590965539680e-01 2.313898403733858800e+00 1.739882697077890672e+00 2.108334649596411925e+00 2.735030623359395285e+00 2.148115489415917345e+00 1.815673780945016746e+00 1.026628498501881426e+00 2.720387776867553842e-01
1.640758137124843863e+00 4.490507944864734480e-01 2.095478051653945073e+00 1.586503474067982866e+00 5.206401051942827207e-01 1.032068230400861708e+00 5.799818378501780947e-01 6.100287813080170762e-01 1.099517622592560473e+00 6.517520014620325521e-03
1.119693322654612633e+00 3.653023664133584480e-01 2.276455370427912683e+00 1.590130004035002376e+00 9.274791632480291481e-01 5.199728293429329434e-02 2.540655311620433898e-01 8.423767010174844014e-03 5.940481494693878872e-01 5.675750881162735517e-01
1.335823880922429319e-01 2.852127160556063301e-01 2.522109615665674820e+00 1.775324921355634356e+00 8.889024973475690983e-01 2.996012632600765328e-03 1.042558382835722108e+00 1.219376355172659521e+00 7.487725728907879130e-01 9.353399888475542046e-01
4.284472280386768528e-01 9.274503832426249650e-01 2.162909708639531026e+00 1.468405185230548415e+00 1.837650700715453278e-01 5.778091537026970315e-01 5.843457444660199451e-01 3.637728386352201415e-01 9.805251774297086831e-01 5.970351567759648592e-01
8.124228984044866431e-02 6.380228274731005733e-01 2.331327540204580107e+00 1.618017613157930024e+00 4.497869748028233694e-01 9.915195890561201431e-01 5.914256570152164327e-01 4.722848476980848198e-01 4.294412503480002918e-01 3.455318381293508156e-02
6.078640264923913517e-01 9.903022357086389560e-01 2.405865400529535236e+00 1.637154421515356395e+00 5.623515426021136188e-01 1.796840215275088637e+00 1.148143384880405016e+00 8.986262116276958478e-01 1.170357396491011198e-01 5.315207851532736116e-01
1.168225438553736284e+00 6.128980463866213757e-01 2.419155578194705392e+00 1.649745205371925261e+00 2.119821439888910586e+00 1.145480935385795984e+00 4.428202778400882056e-01 4.886717515448857907e-01 5.410359568431166721e-01 7.960125538907615317e-01
2.263331666767291139e+00 1.391866304583732949e+00 3.140432324328926939e+00 2.258171293201109098e+00 2.137518609813036541e+00 2.592645716360955088e+00 1.789404899712321750e+00 1.551960759115142530e+00 1.856877780766874153e+00 2.440820021563103737e+00
1.555534614081878431e+00 5.892676548047277585e-01 2.264461719102408566e+00 1.546851237836132098e+00 5.596910826031888941e-01 3.025349987490002501e-01 1.239194352472619665e+00 8.649813338950981256e-01 1.188227492081436187e+00 6.838140098615195228e-01
1.053853601882968727e+00 6.173851924574943473e-01 3.489707838029722176e+00 2.530272858215375287e+00 7.140516013286740682e-01 3.621160963043487668e-01 1.135133753217424157e+00 5.230235917478047725e-01 1.372277386134870825e-01 1.205943006519273469e-01
2.570438768171082189e-01 5.527298331406022003e-01 3.262303896085473554e+00 2.358638971212731583e+00 9.972418921394980984e-01 1.831389698387176149e-02 1.785171670456161763e+00 2.315406893164881907e+00 5.961990846214257900e-01 1.179637477370593275e-02
3.779149289501078646e-01 6.503358867578885594e-01 2.118945936725261880e+00 1.437226390563575373e+00 2.725355229000081536e-01 8.022828915562530971e-01 5.662791651333665133e-01 5.133691680415184422e-01 8.787310195943941471e-01 3.166378350052898027e-01
9.816910380333510044e-02 1.363171249031801979e+00 2.231368462131535058e+00 1.544256146093038407e+00 2.702112426523053390e-01 1.229195931659041063e+00 5.260403919768780190e-01 5.739202268704614029e-01 3.524924211787477946e-01 7.829306151617810849e-01
5.341929978293623593e-01 8.263974382180748757e-01 2.291171037412008449e+00 1.556187514549837170e+00 2.100525910342631253e+00 3.932763718167970879e+00 2.012342965357537317e+00 1.682091728006947395e+00 2.486142117464457124e-01 3.612708754515590592e-01
1.371766097289347508e+00 2.643848467092253518e+00 2.073012819693867304e+00 1.411459652299540624e+00 2.203811496134746306e-01 3.581901298345819828e-01 1.365177432414027336e+00 1.534167585923001731e+00 1.104191250151984827e+00 2.559745764813512903e+00
1.800837167071740685e+00 8.444456925820662541e-01 3.585612008090072855e+00 2.601764086757724748e+00 1.461588042789111475e+00 7.752346446035748295e-01 1.939148615656222541e+00 2.215915134188682245e+00 7.299948202521001628e-01 3.824488449435584081e-01
2.680861126024939867e-01 2.678728386775851789e+00 1.970433524044700180e+00 1.339709920188721037e+00 3.132749814309004899e-01 2.418859678068366048e-01 4.979603987008613952e-01 1.464001844737164715e-01 7.410899070918568476e-01 2.826100678414115386e+00
4.088882815834638668e-02 9.224268941457500759e-01 2.038956593871266154e+00 1.414285045669638752e+00 2.317595356371403792e+00 3.599511729897730383e+00 2.184171894658879953e+00 1.826852591452948094e+00 6.759332621587242906e-01 2.046083595170214708e-01
1.215947575040214890e+00 3.516275854625273700e-01 1.873461427878027719e+00 1.283229366867166155e+00 4.395851250322309611e-01 8.692794478088287924e-03 1.921133120555525986e-01 1.854594017101768577e-01 8.483115679797709197e-01 1.501758848681683869e-02
1.009102254337592708e+00 1.544819702925275540e-01 2.274853398281047046e+00 1.568592904696430868e+00 4.819506416190719733e-01 6.552497584483663040e-01 3.508078930983560828e-01 4.151375067031126687e-01 5.283272145461688218e-01 2.244138964174128836e-01
1.934854935511186036e-01 1.375933024219289369e-01 2.540750406098376324e+00 1.761313815689986351e+00 1.250202403410389351e+00 1.824961691835635946e-02 8.164276537152234114e-01 1.114606194064005296e+00 1.866655807906688613e-01 4.915748277748450690e-01
3.198688237086370623e-01 7.846197954949952758e-01 1.757608162895213821e+00 1.189763128609381493e+00 2.673205155822460655e-01 9.076393228154241433e-01 2.780308702050629521e-01 4.617890393106195979e-01 7.269383255431779434e-01 5.461379248393515295e-01
9.067525499123109400e-02 3.105755477330595649e-01 1.850030588228704476e+00 1.284839537006006616e+00 1.130357569696544134e-01 4.969238950763363305e-01 1.004056864929515763e-01 1.146522675649140482e-01 9.493080124151563881e-01 1.442088076531136687e-01
1.123303901424963280e+00 1.477321128190968391e+00 3.298877263107460323e+00 2.389085946464599708e+00 5.274839248457555696e-01 5.215291718311194646e-01 8.645690823898841693e-01 4.439269188811403311e-01 5.540015489143356175e-01 8.234672487465749535e-01
1.892106587853361388e+00 1.362186569973979244e+00 3.074912140668653038e+00 2.229635414659261183e+00 1.905130842186180784e+00 3.597561904656013887e+00 1.542980560110924326e+00 1.429952193628539536e+00 1.687834588423982263e+00 4.773042813289546937e-01
1.222206993105464212e+00 3.534806775540415003e-01 1.781438561754033145e+00 1.230683574163900618e+00 4.625808441902721224e-01 2.533026748273595197e-01 2.188558226491207626e-01 4.888824881639716735e-02 8.321532339981316806e-01 1.675916324302659591e-02
6.340477930941390561e-01 3.387605754201887809e-01 2.088184012773394826e+00 1.447780376392427293e+00 9.489906513988847214e-01 7.331038503353243252e-01 4.849650828493963228e-01 3.806512758723301637e-01 4.357417540749151108e-01 3.446656112340809597e-01
2.454498247339493289e-01 6.035212652289326241e-02 3.035437832290564408e+00 2.202218213411127223e+00 8.815269516913629699e-01 3.701740823431450694e-02 1.525493578847367138e+00 6.754185468288129712e-01 5.827308516373519431e-01 4.492703762568604486e-01
1.813413921577507193e-01 2.483502202548944215e-01 1.642341573848356218e+00 1.125105498059265408e+00 5.588397022249452784e-01 1.856655667332097375e-03 8.335063745949443659e-01 1.497536847826711037e+00 1.453053045943972776e+00 4.082513618953634849e-01
2.948363115851689309e-01 7.286662984569746149e-01 1.412687805852653300e+00 9.656449228227176329e-01 1.147171854303226379e-01 1.197809987294133460e+00 2.550139206190989438e-01 3.043553786816478035e-01 5.700548119693852334e-01 5.698810508925182816e-01
3.403915565520358733e-02 6.630676145827308909e-01 1.665643585024492612e+00 1.170966251005510106e+00 2.003115952456662463e-01 8.010230377962881398e-01 2.635970338975655580e-01 2.309645189803394283e-01 4.965602057396163449e-01 2.053654263644663636e-01
4.876936437418809001e-01 1.813690545346535177e-01 2.098782514425084678e+00 1.449603105104937617e+00 4.015022465796989071e-01 1.247806573755951165e+00 1.063780902145909479e+00 9.650043046038302430e-01 9.780751595551594874e-03 2.753752749806432365e-01
1.192247348814597263e+00 5.040491643043484293e-01 2.344811456185864174e+00 1.625988472126075335e+00 1.900356609285262621e+00 2.315801461163285779e+00 1.989993510119439257e+00 1.768549587270574763e+00 7.902307379609625482e-01 3.179146383535633169e-01
1.110721938406824538e+00 2.660611135460733578e+00 1.582300008359575738e+00 1.098458839825706912e+00 3.819727468759895883e-01 5.243272855741487604e-01 1.565356517545507309e+00 1.583611079972296665e+00 9.760893345927134090e-01 2.593379993448731380e+00
1.699298469484927576e+00 4.820346924662544108e-01 3.296720522668543651e+00 2.433657808736279016e+00 7.078301413153639254e-01 8.582972176124889496e-02 7.350275297066644065e-01 5.043518973154017537e-01 8.849498873948525857e-01 7.182632438952210041e-01
9.244532798719952149e-01 2.442615312458820964e-01 3.397872677988398316e+00 2.515887935826422783e+00 8.957349521996963437e-01 6.445889808930256315e-01 1.310939250878680573e+00 1.032727542516999719e+00 1.667423196247027617e-01 9.755408336838189420e-01
2.638886286293442435e-02 4.189189110245968850e-01 2.823180336664490309e+00 2.078348775391254843e+00 1.052163696089449596e+00 3.601707537296153783e-01 1.556219622781175760e+00 2.019530045333917556e+00 8.263046883650133623e-01 1.049104907621167815e+00
2.641094937121422070e-01 1.246488778980875539e-01 1.551054707206172889e+00 9.392115186678808847e-01 1.861186759959982118e-01 8.111853166820244265e-01 1.633651466508865002e-01 7.661675361161186804e-02 4.975752662478744592e-01 6.118000410624863106e-02
1.287318273955177089e-02 5.511329359132641770e-01 1.730746171115262078e+00 1.077343568170400223e+00 7.534981351263100868e-02 5.939149771122583799e-01 2.351350172069728295e-01 3.708285933205597400e-03 4.436869995369024378e-01 1.866833720289158560e-01
4.288618332263179345e-01 1.119499363879161491e+00 2.124497788188331349e+00 1.328731572213381007e+00 3.584260701174359909e-01 1.665923774718545136e+00 8.608524336985159398e-01 8.198784111485645232e-01 3.632249495122366438e-03 7.031112722330934428e-01
9.393024952586671583e-01 1.325013811387730556e+00 2.349132337210727783e+00 1.488113109157103597e+00 1.919473789059553237e+00 2.233314379115774184e-01 3.992875072817929083e-01 1.187484170829093272e-01 3.916280950735028243e-01 1.727814173306885914e+00
2.107196379157155075e+00 1.045589597034175977e+00 2.992179492817364839e+00 2.037173491918658819e+00 2.021342900367177009e+00 2.282465297243565505e+00 1.592008109654471149e+00 1.476801563121405758e+00 1.992336634667980944e+00 2.072026567800818508e+00
1.074605137646268638e+00 4.780159427318566023e-01 1.695970003879296639e+00 1.037762466407654349e+00 1.779221034439940063e-01 2.168445504552119762e-01 1.350564320573155452e+00 1.469759631996830906e+00 9.300112897332504236e-01 5.718026883825660933e-01
1.535278682562020602e+00 6.465686743564827421e-02 3.245273187903341849e+00 2.240451223510687484e+00 9.102635077717775580e-01 9.161204485888857496e-02 6.954044212079601994e-01 4.054288801362225247e-01 7.703200502670702887e-01 1.488352193161194548e-01
8.144146567745191856e-01 1.999982262724337434e-01 3.337850481994559804e+00 2.314346721271337337e+00 1.032554956923344758e+00 9.337461789023238090e-02 1.201391780616454463e+00 5.936534114337986834e-01 1.975791873346891825e-01 8.622164450821299120e-01
2.480878437693166162e-03 2.641624164078928971e-01 2.808042793157510264e+00 1.909586506057794342e+00 9.096315521527028602e-01 3.922905774386277744e-01 1.410458161005232469e+00 1.599875817370612685e+00 7.806699440480288077e-01 8.207678940188103400e-01
2.635932545044936126e-01 3.680490895987145183e-01 1.434711481590390969e+00 8.627497780697418461e-01 2.950881773256360252e-01 1.375833002571751340e+00 1.598292105227525906e-01 3.222227030964468497e-01 4.688188313156955722e-01 4.153664214896687357e-01
1.310841495705775406e-01 1.143154657764330479e-01 1.586629477298809432e+00 9.889086754083887820e-01 1.335660674574752904e-01 1.562709201933027148e-01 2.143400508215757838e-01 3.297153511031551409e-01 1.532700698973454623e+00 2.228946940646240049e-01
7.629994938225703738e-01 1.192302587538657033e+00 3.595516327405188672e+00 2.503070345763950044e+00 4.655699293741910605e-01 1.237324066198042471e+00 7.427366388681134746e-01 6.414766666736420042e-01 9.747117435471119862e-02 6.861386936644886525e-01
1.526019524879944855e+00 5.570767051411105175e-01 3.378211791508748174e+00 2.346532119307143560e+00 4.930215514679139877e-01 8.881525843438540235e-01 8.357163235018877367e-01 6.547104352587734821e-01 1.149286374730364324e+00 2.790051505150284994e-01
1.881095752656111397e+00 8.519353653273799010e-01 2.793004482326652216e+00 1.926248102110080351e+00 1.923318664799689159e+00 3.660982003421997089e+00 1.584186404157233108e+00 1.403125597984612005e+00 1.788712304160018807e+00 2.715940009915611686e-01
9.868509801292518757e-01 5.394426216264637253e-01 1.547832187841575724e+00 9.578548687070352896e-01 5.111591643967321463e-01 5.181792878813225034e-01 2.204318305239907905e-01 5.353387753233733726e-01 5.708138506763538178e-01 4.334058510853351365e-01
9.372092218817204001e-01 3.057281063825349476e-01 2.141004320841472630e+00 1.364528976505367863e+00 6.282019763126942546e-01 3.035174647218565891e-01 7.040987652268848596e-02 1.106351802291523773e-01 5.830579528250898758e-01 5.253645280468055567e-01
6.166580475184317844e-01 2.807232017411884217e-01 2.606586844122928515e+00 1.701119990206756860e+00 1.234652824519376857e+00 1.099741005494445201e+00 7.527085628275427265e-01 7.771700882891391382e-01 5.079439121161901521e-02 7.451392019328110239e-01
4.731105212596186521e-02 1.279938062454066550e-01 2.531188671879990082e+00 1.725240067783304632e+00 7.852087055101660829e-01 3.286865124788067027e-01 1.282350175448309315e+00 1.365904218889520072e+00 7.301305677102598590e-01 4.056633170763380147e-01
2.264419955209411306e-01 4.372742833541050089e-01 1.301824589267348342e+00 7.877749474480946201e-01 6.025694033253588267e-02 7.198003088354405499e-01 1.566847171778328329e-01 1.285070490466437010e-01 4.011922799733608769e-01 3.693543366668790018e-01
2.122439228751291374e-01 4.019238937262153422e-01 1.438673729432971671e+00 9.035873898322064335e-01 9.217397967425938754e-02 4.427912137931699355e-01 2.319713086602603891e-01 3.824404066294755933e-01 7.997406205648629474e-01 4.147858266670028660e-01
9.461971334172181169e-01 1.375779310923397114e+00 2.970784591255995810e+00 2.064007681147614459e+00 4.756202103165785844e-01 4.882262052719966716e-01 7.061969661572304879e-01 1.670683375595983719e-02 6.599966231112445181e-01 5.779115057333624739e-01
1.404608580353550629e+00 1.215702878590212199e+00 2.728255100773498310e+00 1.745875230218070451e+00 1.933546176704846964e+00 3.019043576485484603e+00 1.600835381040931926e+00 1.389258257715959788e+00 1.345650497961806247e+00 1.592025200181756972e-01
8.974609890465229389e-01 5.208389686407652874e-01 1.616667824936112385e+00 8.695292617324063000e-01 5.133396570553294680e-01 4.673058193963673945e-01 1.875961181331105565e-01 4.802452988269270695e-01 5.000439008535516594e-01 4.193922444055799281e-01
8.542959624094752513e-01 6.218769997457934684e-01 2.156529965516658098e+00 1.237861026083068916e+00 6.128509656382485904e-01 3.411623375483307519e-01 4.773452476736840255e-01 6.470191331043539940e-01 8.681219919601109725e-01 6.011358210583894746e-01
6.711855249220614050e-01 2.251549090499367634e-01 3.221893657975931191e+00 2.095202495813311305e+00 1.359778747102231344e+00 1.557860635621208245e-01 1.232879444203103692e+00 6.784582808950385679e-01 2.685414651123498864e-01 3.528907224889555327e-01
5.573724946894047716e-04 1.432508061720434434e-01 2.540944456111204008e+00 1.592303095936161261e+00 7.243865045444980444e-01 3.718228438651978163e-01 1.191155513502486496e+00 1.308737141155889239e+00 6.442411177166527114e-01 3.445342525916701981e-01
2.140993596066173565e-01 2.831756256185115728e+00 1.397987492467908544e+00 7.158875260138390928e-01 4.807530054075142556e-01 1.273643632268146364e+00 1.472008640145449909e-01 2.544312563962477514e-01 3.627839731230432241e-01 2.823792724927266296e+00
1.128026316489933456e-01 3.144425449195193401e-01 1.522270353419919120e+00 8.193774617740485766e-01 3.853939669698340786e-01 1.006965428750677516e+00 7.406538250062305595e-02 2.799286173172737535e-01 6.275181832437493057e-01 5.680534686108699993e-02
2.591472520594547690e-01 1.031797966913602593e+00 2.180936062695002953e+00 1.237400464896141417e+00 4.320424026815764540e-01 4.961149972492566729e-01 4.775161175763608101e-01 5.933797359793086673e-02 5.904301448043313139e-01 1.484833568365734768e+00
1.321693137418042063e+00 7.462924098456081845e-01 2.959021899286140123e+00 1.894300646738616756e+00 4.474843047615278957e-01 3.744945642178850731e-01 6.948394046658702417e-01 3.782681384898235050e-02 1.039849666080167490e+00 8.185469247710670804e-02
1.637360269060026630e+00 6.741823627760145099e-01 2.500101524322740687e+00 1.584287518297766706e+00 1.944939630289771904e+00 2.485107591417358375e+00 1.630764304376561613e+00 1.350281131767705922e+00 1.548264190404890384e+00 2.510414153566312145e-01
8.456211477018816813e-01 4.400068116904204962e-01 1.472828833269103743e+00 7.885934618283885200e-01 1.875512584328898058e-01 5.751480534410080558e-01 1.573771427829253611e+00 1.212772419188811179e+00 7.154523201262266152e-01 6.757675884631754171e-01
1.529709561796698702e+00 3.192224265509976400e-01 3.212419795774420717e+00 2.084541888853374658e+00 1.009596935407596430e+00 3.200584819535705616e-01 9.554492983824409702e-01 9.009972967439323632e-01 6.852821409468393687e-01 6.733683198002610171e-01
7.485044349004172926e-01 3.528438423117741807e-01 2.998835558896203235e+00 1.953620400190565931e+00 1.466878224352666571e+00 8.121374315444738201e-01 1.192824843411489644e+00 1.203152062821145174e+00 1.799151760825709601e-01 9.188483140497495372e-01
6.745210114586162875e-02 2.835232479888619150e-01 2.315926530784131021e+00 1.449272593835940759e+00 6.400547312060511640e-01 3.447671600884281706e-01 1.081461540092800933e+00 1.245858410432777452e+00 5.284044911790659604e-01 7.275380453102269218e-01
1.936841737691331056e-01 9.791752433826216018e-02 1.271313666259519470e+00 6.507273481288120554e-01 5.602323137625883076e-01 7.683192161143483911e-01 1.427293415172197488e-01 1.617713515989117889e-01 3.210619868215272010e-01 1.261860472630797758e-01
4.994037178780410396e-02 9.369160351915216400e-02 1.382461353131669846e+00 7.445345713751924110e-01 4.648766290555002012e-01 9.222264323683706522e-01 7.748657735010194836e-02 1.166370210541756713e-01 5.247808164615749282e-01 4.360473471322903194e-01
3.154083568615590472e-01 5.541173717449527913e-01 1.977950551052870543e+00 1.123559206519457954e+00 1.309175945118352079e-02 8.498639187348048241e-01 7.261718924981515055e-01 1.910446716978352888e-01 2.108712970275631593e-01 1.626746841231631047e-01
8.429859093771404632e-01 8.642696750353823232e-01 2.410850190875644561e+00 1.401112095550149261e+00 7.591794569137887416e-01 4.094211058315487262e-01 3.490175773716424068e-01 1.201388609198035667e-01 8.290627195607264133e-01 1.051628264886950159e+00
1.525270135988121778e+00 6.348343812534802399e-01 2.249912709101724584e+00 1.418702397210979571e+00 1.930564127227547555e+00 3.051956790531175745e+00 1.631068262840873251e+00 1.361436010799705665e+00 1.457901129628721426e+00 1.907843602885752610e-01
7.803744780158623495e-01 4.090112521999605399e-01 1.331571033308978969e+00 7.132954551692625156e-01 2.622926061866927561e-01 1.790813085144631889e-01 1.388310265101229346e+00 1.372603977362242489e+00 6.467376754012319484e-01 6.223943278730427187e-01
1.424765362387401257e+00 3.569253024979754385e-01 2.907656316273743879e+00 1.886839723726539075e+00 1.010136734345280951e+00 7.634430132194781893e-02 8.895140639519153458e-01 5.689590717678839615e-01 6.449247726523462676e-01 3.111409717080855855e-02
7.114424225116435796e-01 1.644962543133824673e-01 2.713792590366563839e+00 1.767321329634366611e+00 1.527160348483602270e+00 6.905049435685584047e-01 1.094471731248863655e+00 1.075352352212807450e+00 1.476239529801310346e-01 7.030671850746299523e-01
6.324953761789063600e-02 2.556870978911473524e-01 2.093341013958743613e+00 1.310171054950260316e+00 5.785179733647844991e-01 3.507908402362724387e-01 9.849418444175447318e-01 1.638555163392384051e+00 4.800447218705217178e-01 6.646783035989761723e-01
1.922444829595081894e-01 9.070482706743512868e-02 1.148599741717733380e+00 5.884868869867014851e-01 6.153362403848832152e-01 7.612105305094166718e-01 1.387438565928127143e-01 1.263343549248910624e-01 2.977473598117860165e-01 1.143695975076908372e-01
4.671967361277630515e-02 3.105413077250706588e-01 1.248096889473107263e+00 6.733527784400080707e-01 5.209656104481241723e-01 8.846313564557071185e-01 8.027507447747123104e-02 2.296307129868156022e-02 4.680344744299706483e-01 1.245441008768227720e-02
3.320587587637248705e-01 4.026731972536602422e-01 1.783663145392081262e+00 1.015636854087683005e+00 1.406416967234451303e-02 1.683203241477084777e+00 6.574889676061685950e-01 8.142465824402654873e-01 1.597780889128058990e-01 3.640296016033883059e-02
8.549421614698825556e-01 2.649613233386553524e-01 2.172002997458777340e+00 1.265706113904452090e+00 1.812487770195894132e+00 7.118814048762056590e-01 3.003557849636316335e-01 1.113105196749919340e-01 8.937369851042016311e-01 4.657230688261503881e-01
1.485717367633706543e+00 1.494842867752326443e+00 2.024873591649364535e+00 1.280777116616731881e+00 2.029824478238335228e+00 2.383983112909302982e+00 1.620193802978776354e+00 1.361199317948136089e+00 1.425402867968315279e+00 6.986171713604787392e-01
7.228117435940811797e-01 4.242210438537365458e-01 1.197822994323568979e+00 6.440599738521674000e-01 7.167975635272899604e-02 5.770606531475779288e-01 1.229277874310973573e+00 7.154561448459710871e-01 6.010808512661677261e-01 6.128774482922362266e-01
1.285202584250454638e+00 1.269291581180011841e+00 2.615456237976641063e+00 1.702894842006078324e+00 1.166480835767232715e+00 2.345362649424488077e-01 8.314054163469781766e-01 7.657672862030084904e-01 5.678224536051578175e-01 8.677192578062048467e-01
6.328941055472371291e-01 8.363524344700080659e-01 2.439675647824183891e+00 1.594094843184805654e+00 1.516026257246239961e+00 2.126792647328769603e-01 1.008452554385943056e+00 6.820890702092888835e-01 1.556657828695171830e-01 3.033047038244244265e-01
8.527264199142754741e-02 2.183661391946379593e-01 1.879981765710897701e+00 1.181116728859211262e+00 5.718750980728218858e-01 3.790463204209631454e-01 9.007704037529726815e-01 1.003530453589629667e+00 4.109771907572018490e-01 1.664708863735320787e-01
1.617152564643671298e-01 1.020771573333250304e+00 1.031477961210898631e+00 5.307465262051110910e-01 6.023976689448038435e-01 1.179768845135546584e+00 1.347256506437037038e-01 1.808171015372078971e-01 2.488276190086116946e-01 9.710805444687518051e-01
2.818875000758907026e-02 3.415605128092843445e-01 1.120433229293998245e+00 6.073751008443788457e-01 5.181405846291431416e-01 1.249085203864328308e+00 8.199202582357192903e-02 2.808249263673349705e-01 3.983727348241912214e-01 6.092856846188056397e-02
2.995277325544477565e-01 5.099088121516884842e-01 1.599765708849189894e+00 9.158021628657567748e-01 1.711067816284772558e-01 1.455568616074795374e+00 5.976233496972911396e-01 5.414941188403555872e-01 1.316915693097525097e-01 1.867850604931095282e-01
7.727552042076073491e-01 2.509388221908736560e-01 1.946312945904814740e+00 1.140695735800389299e+00 1.617214313534472980e+00 8.239434129840187415e-01 2.513833034734018756e-01 2.754205755085921692e-01 8.356967849126040182e-01 4.651833036257593812e-01
1.368024147688580605e+00 1.739894520878596085e+00 1.812813818095379004e+00 1.153685966850531042e+00 1.997293826028631702e+00 1.979382815536014029e+00 1.609546660134694607e+00 1.404667539267723697e+00 1.321713788898126518e+00 2.315159964243751478e+00
6.656466716255149407e-01 2.299841625407475776e-01 1.072238393932535505e+00 5.802900205945658030e-01 8.880696773561277957e-02 6.593643546190625093e-02 1.091290436588327584e+00 7.764158809583650012e-01 5.579913725786666001e-01 4.166227129592792178e-01
1.133868154527753358e+00 4.708651771407635911e-01 2.340264673492706837e+00 1.533535549612744298e+00 1.287724630448983332e+00 3.756844388782193955e-01 7.789229547027723966e-01 2.805306076899964918e-01 4.772315835366541803e-01 1.353918205225122517e-01
5.515661281081799538e-01 1.835607290255359958e-01 2.181446792148531877e+00 1.434783849129578348e+00 1.496759415989691089e+00 4.682822018053823809e-01 9.317068798771771521e-01 8.559213416329094493e-01 1.703644461252769859e-01 2.760053147775741178e-01
4.096464660060741142e-02 7.167146469112629648e-01 1.679626675051276052e+00 1.062639751472786109e+00 5.819089876496627012e-01 3.702521086362033365e-01 8.260279657847829915e-01 8.791768577483698444e-01 4.060637293837367490e-01 3.494141588266427290e-01
1.651325104874796779e-01 3.247179793245603907e+00 9.217690533000554298e-01 4.777213282186661969e-01 5.792477568924877529e-01 1.257254315444738868e+00 1.305269091412986915e-01 2.170645106633591892e-01 2.333177776352289012e-01 3.162402947280454235e+00
1.646575636370171264e-02 8.784726407403745108e-02 1.001201887317499262e+00 5.468076486309372264e-01 5.058437085615425932e-01 1.283770032482920431e+00 8.272023658741278762e-02 2.390447991984140375e-01 3.106464129197618051e-01 1.624976850464007472e-01
3.429361806801276003e-01 8.213868142951211704e-01 1.428570597593996183e+00 8.242861691713327943e-01 3.143520125258251752e-01 1.477679505530060444e+00 5.445079734995931231e-01 5.268263978284769555e-01 3.740369861242756611e-02 5.120935377976330027e-01
8.234316785658283289e-01 6.286456039094244774e-01 1.736673915585924322e+00 1.026287484402090611e+00 1.446734912842265741e+00 1.526654988926093859e+00 2.017156620724354921e-01 1.072744321499333603e-01 8.906276646855056933e-01 7.720363934130838324e-01
1.265139984049125976e+00 5.963290240885376070e-01 1.616365715641646883e+00 1.037556944420078286e+00 1.970659336822745855e+00 2.361606002381174019e+00 1.597219116969754937e+00 1.395911222405074925e+00 1.230976156535196875e+00 9.710169770950986476e-03
6.129444981335412379e-01 3.085082967215596605e-01 9.561516530150873105e-01 5.220230841430589797e-01 2.301549265402558497e-01 5.539138269536283410e-01 9.703238701369556463e-01 1.009241757238501513e+00 5.185130210661027528e-01 4.603785727902823255e-01
1.058226588399701962e+00 2.144497373222723977e-02 2.085715616971552056e+00 1.378908364554160437e+00 1.379782741733915463e+00 4.175782633693916890e-02 7.307282512517128126e-01 5.789164401206767785e-01 4.527431082274931406e-01 2.751070985020339088e-01
4.861636637989909526e-01 1.413877388248457323e-01 1.942818064657108712e+00 1.289502950695531558e+00 1.472514805408192018e+00 5.756150767885888087e-01 8.622752225000647197e-01 9.061165743238180914e-01 1.738197174287108293e-01 2.823258287115832377e-01
2.954793402518867892e-02 9.488881360167232548e-02 1.494981324782640231e+00 9.547461715793423842e-01 6.019395620231349220e-01 3.651742673104140247e-01 7.588071288050569629e-01 1.209467454228137617e+00 4.270478315688435167e-01 2.328324320843325745e-01
1.552318580998771069e-01 3.152498952702937007e+00 8.207817609308474260e-01 4.294062528312794225e-01 5.501415400656750609e-01 1.250831154581785176e+00 1.260709484401441038e-01 2.190685225553973547e-01 2.059624108268330034e-01 3.093452691571184410e+00
5.862764884411717642e-02 1.923342054030435511e-01 8.916395237431300469e-01 4.916228545124599059e-01 4.880352142341132793e-01 1.113696506681970844e+00 8.253982307469868995e-02 5.050448167267493349e-02 3.346407872538569306e-01 4.054024968749946889e-01
1.785317968744400130e-01 5.719212090348851918e-02 1.271658773957041300e+00 7.409895179286258848e-01 4.240729813452013830e-01 1.583169912260237178e+00 4.967803358079367348e-01 5.558224483136983141e-01 1.359068214870925162e-01 3.114619411768131951e-01
5.864448877406295280e-01 1.303622322388201249e-01 1.544939984115975662e+00 9.222894897839056805e-01 1.296407801400329740e+00 3.378363005121944429e+00 2.164425906213679252e+00 1.772120676041313070e+00 4.614704373288732592e-02 1.057512249356834660e-01
5.324571770351487210e-01 5.103706118179950346e-01 8.556303168086667466e-01 4.682319142291401781e-01 1.977146725039351238e-01 1.466868415176530438e-01 8.832371773473189913e-01 7.298691477540607542e-01 4.164080389917071967e-01 6.316397169781554632e-01
1.011930257944581468e+00 5.491740428787706962e-01 1.853915393705907855e+00 1.237462459499707901e+00 1.347028218718279602e+00 6.810546697631629787e-01 6.748697317692795572e-01 2.184028404053113825e-01 4.472344162924904443e-01 2.442081329818355240e-01
5.442962054204908418e-01 5.410732998721180520e-01 1.725555357768732589e+00 1.156770990955328537e+00 8.475615215406187009e-01 1.309912204824493498e-01 7.876716514183114137e-01 6.494653240171462949e-01 7.716153889879044658e-02 1.235189008697839541e-01
1.649863606841842079e-01 1.044583526968750065e-01 1.327155678026422647e+00 8.562573050179624889e-01 1.222000710183859029e+00 5.824178356077410780e-03 6.879175141718610886e-01 9.585252594928291014e-02 2.227151722657425836e-01 2.228838194381737026e-01
6.530049677638262440e-02 8.838286097502217054e-01 7.289434675017331111e-01 3.852497556242529542e-01 5.618243449715741855e-01 2.916074980230981724e-04 7.901456376846897056e-01 2.126873439298522239e+00 1.826855124752614357e+00 4.585121873868821529e-01
1.144735632577136009e-01 1.485693130063793443e+00 6.289632574036683188e-01 3.264633854481639452e-01 4.164441628536021955e-01 9.468690565461539421e-01 4.820800882728829700e-02 1.954559107625918335e-01 6.383195344062535248e-02 1.506232872616381391e+00
4.488741312103994296e-02 4.301488544462739316e-02 7.822521313407841959e-01 4.368436110197146949e-01 3.798489541933115499e-01 1.093813017808348054e+00 7.592176495562441563e-02 4.373236809728293234e-02 2.959274134771946452e-01 1.501702932928017653e-01
2.394597505589743380e-01 3.520842383419952037e-01 1.121960484240497991e+00 6.625870984976561795e-01 3.817495153109988770e-01 1.659285478360162047e+00 3.601732449605626329e-01 3.741099446454763666e-01 5.849606649449944074e-02 1.166286359150111723e-01
6.248043692676847893e-01 2.544210376410346308e-01 1.362774237626401153e+00 8.247177419109738006e-01 1.303834589862038928e+00 1.542457517954561874e+00 2.163178166023135562e-01 2.641849267719823535e-01 7.974901965091275580e-01 1.734227811918273299e-01
1.176728254989984013e+00 2.347422731247258643e+00 1.401724203414596248e+00 9.218284841717877542e-01 1.964544584549233752e+00 2.226961094054784596e+00 1.574255234455615771e+00 1.400359779587183828e+00 1.138666901291847111e+00 2.732716061643413408e+00
5.216010766647118935e-01 7.733721666527539063e-02 7.575060759877380034e-01 4.241575569963890180e-01 3.589451761588212109e-01 2.459067765612910905e-01 7.579977545985022713e-01 6.656830980245432849e-01 4.340457094686797634e-01 1.840020511571361095e-01
8.560538629925757981e-01 4.750049748414587603e-01 1.636448218014923572e+00 1.108156108198224299e+00 1.424791473515080398e+00 7.050451142889564426e-01 6.418781892345286622e-01 1.241317396795527661e-01 3.307829534819953232e-01 1.977910422554560732e-01
3.362932450043799038e-01 9.603252229389128147e-02 1.522353559967016379e+00 1.035365645847092786e+00 1.421776410847384708e+00 2.854104351246858351e-01 7.379103062660278267e-01 6.218302417111699620e-01 2.311124392595258481e-01 2.735831930264879808e-01
1.009751346303423836e-01 7.436890043265943773e-02 1.170679740745898645e+00 7.663104734423347164e-01 7.031151686113192856e-01 3.734761195472042772e-01 6.919630956309057446e-01 1.104929750110619002e+00 3.698640875680565543e-01 1.999465688734688440e-01
1.299213805284695766e-01 2.056665419071617595e+00 5.846108000871803601e-01 3.141980874010470992e-01 4.613204909996816427e-01 9.370993834679945955e-01 2.143453881017719307e-03 2.303473371229509681e-01 6.606143722208111801e-02 1.947613736674728369e+00
3.403600420564296264e-02 1.264438584328028969e-01 6.962281337353090072e-01 3.935241680460132563e-01 4.402692915145352548e-01 7.906966823563514879e-01 7.241402471177196820e-02 2.154184803728425857e-01 1.879506831842471526e-01 6.998141604532641391e-02
3.154110393680493729e-01 7.031544616165155137e-01 9.966145597849616067e-01 5.953210595152208517e-01 4.736000839641469340e-01 1.530385379251644640e+00 3.532759510124375280e-01 3.035121482001893467e-01 5.336020885373995298e-02 4.566724288439161228e-01
6.624418829899119121e-01 5.706993612765888235e-01 1.405762100571903206e+00 7.407966188913042149e-01 1.170638110964316470e+00 1.210373999522063926e+00 1.368653528681730847e-01 2.072852116272905498e-01 7.990193537660906786e-01 6.346350336836912298e-01
1.083867464810782444e+00 2.419137286156019417e+00 1.451191727164584888e+00 8.278261274111546886e-01 1.945791964376185401e+00 2.034338496077125136e+00 1.549311449248041539e+00 1.351581720702292433e+00 1.073727051633798002e+00 2.805173922498613859e+00
4.785737826928398997e-01 5.135208801881779861e-02 8.795464773538774761e-01 3.810042874695928616e-01 4.707845325536137993e-01 7.806102747744054771e-01 6.749973401130648920e-01 9.331184031767312259e-01 4.036162365841711730e-01 1.297303629640420009e-01
8.547080558358699509e-01 2.173413067512788843e-01 1.663817370295617826e+00 9.950956005150876083e-01 1.477731779041613569e+00 3.475619680371788145e-01 6.020504904348512598e-01 3.631048204642130517e-01 3.678200529223968895e-01 4.685224444346104411e-01
4.440147651823940778e-01 5.296810394818534523e-02 1.563044577962667825e+00 9.294700482620490423e-01 1.404992535761312222e+00 4.750987797254149769e-01 6.835674502676111208e-01 7.457143739073653910e-01 8.625665960779366204e-02 2.989889340320486810e-01
4.640064251524268768e-02 1.922395563533645102e-01 1.250465925431187841e+00 6.878538425731752781e-01 7.175897443181773472e-01 3.645780360091825933e-01 6.351961133182423280e-01 1.138594615494180395e+00 1.989838842511101324e-01 1.211101117522243031e-01
1.122814987124797770e-01 2.551247594398640128e+00 7.276654990854309890e-01 2.821395507448091755e-01 4.409371443248036870e-01 7.642581929034493182e-01 7.048773194665612987e-03 3.422644430708373098e-01 5.231288760265445648e-02 2.437635958548332926e+00
3.857046781820904630e-02 9.504704940125074941e-01 8.282382175933331592e-01 3.534518775428123205e-01 4.282671926271064411e-01 1.382707428709837538e+00 7.083730961012930927e-02 2.636406735010068392e-01 2.189496275739788722e-01 7.481266920164203471e-01
1.842031527166319571e-01 9.083597641149379065e-01 1.098513811165391152e+00 5.346946712031417359e-01 5.389115865629762192e-01 1.396478418611506456e+00 3.232603838325178169e-01 1.933227478105866426e-01 2.516321153065722432e-02 6.641361453000628190e-01
4.845131348577875197e-01 1.015692045275218724e+00 1.271491200389532228e+00 6.652690619191036214e-01 1.051525874673523653e+00 1.791162791031549739e+00 7.465953092584969031e-02 1.821910143873054222e-01 6.354978243623231604e-01 1.031889657605600696e+00
9.873730660534902892e-01 1.876058465491836191e+00 1.301939077444329795e+00 7.432888888158963869e-01 1.928862312935346601e+00 2.762776885260940674e+00 1.519882822972079328e+00 1.299358031909317868e+00 9.928985325884425173e-01 1.429678588885177515e+00
4.461674435677173145e-01 2.473351849137356007e-01 7.887399812910799168e-01 3.421812127606234655e-01 5.700484370209224494e-01 3.966696956256913764e-01 6.011170077518630528e-01 4.592114255677411383e-01 3.837248584335393176e-01 3.044017103952796344e-01
7.125760616356903165e-01 5.587346905462887703e-01 1.491282503052623776e+00 8.934577828760142948e-01 1.513366141879530558e+00 1.595570141150442767e-01 5.644650573689065087e-01 4.649660118787227736e-01 2.768568821519955536e-01 7.833438303851242290e-01
2.924247220589373808e-01 8.488203590245757546e-01 1.400294164374452643e+00 8.343440140602733646e-01 1.386338004367229981e+00 5.342186328152883634e-01 6.331811174501935646e-01 7.791320911501797841e-01 1.789495626287460062e-01 1.150887291573175153e+00
1.215020439381849504e-01 7.529074738368832787e-01 1.119849228591467627e+00 6.174089897395552695e-01 7.348179115114696902e-01 3.597764796515435792e-01 5.830629434217748930e-01 9.118911782961852674e-01 3.239900310387278659e-01 1.022481003502317076e+00
1.030575962844748339e-01 1.825653614428766058e+00 6.517262349141507149e-01 2.533338029711669770e-01 4.189466976833756684e-01 1.247669091045273904e+00 1.070784799501845776e-02 8.265139648454591925e-02 4.049854228463119210e-02 1.719061400860488087e+00
1.946693812783047844e-02 1.167893059435556663e-03 7.417602357110113509e-01 3.174337832707756490e-01 4.146786824633625912e-01 1.385184971981246349e+00 6.854346131955768584e-02 1.758193044984894815e-01 1.732574248205886180e-01 1.531060472419486229e-01
2.568111858086480348e-01 5.210022044612385717e-01 9.835257064594712384e-01 4.802143959840792231e-01 5.853016871748186745e-01 9.766012565503071619e-01 2.954133905607552180e-01 1.473404436661221728e-01 7.447098210030055065e-02 3.161807523761296368e-01
5.913596178861504349e-01 3.955035295392377304e-01 1.137964368945509896e+00 5.974304962587443368e-01 9.449795032884367174e-01 2.077072301644489638e+00 1.394820961619371198e-02 2.470952248297553222e-01 7.320204471956217596e-01 4.189492478985468726e-01
9.033394217499204348e-01 3.553115192431703484e+00 1.164768215925139350e+00 6.674010939027282818e-01 1.913494681345843773e+00 2.258271911446511737e+00 1.486703169080178855e+00 1.313886157848292768e+00 9.186729461831760757e-01 3.131326788915455239e+00
4.003451877463206077e-01 3.119625502156546104e-01 7.056531043742072518e-01 3.073164956306921325e-01 6.582118817369051467e-01 4.373628793897206823e-01 5.353075162689717725e-01 3.128825937295936499e-01 3.488302169498506689e-01 3.383747022591706011e-01
7.881616269196929370e-01 1.254566725131205651e-01 1.333623295021359123e+00 8.022437285583753352e-01 1.534827314138299537e+00 5.086744359859104447e-01 5.288786165847129128e-01 1.451421581869399013e-01 3.792479195971862338e-01 1.035662703608023483e-01
4.675921792996061699e-01 2.251444935147641213e-01 1.251756467755441804e+00 7.490269140524942193e-01 1.367366902565177567e+00 4.687588024552114541e-01 5.863075664825485589e-01 7.145389515177886786e-01 2.124788592919526348e-02 5.144379426801477528e-01
1.565014376966842868e-01 3.906314800714588142e-01 1.000793661282647795e+00 5.542495303067481727e-01 7.528252458206982078e-01 3.616704566647095387e-01 5.350279804321143029e-01 6.612925194936762896e-01 4.483289041098540567e-02 6.388358556217917927e-01
2.461435884692039430e-02 1.329194144251228282e+00 5.825418329605963619e-01 2.274898205419505215e-01 5.257913697885165938e-01 1.806605958313476853e-02 8.229797176201371078e-01 2.080173306180737036e+00 1.986014533976756979e+00 2.907832706336041517e-01
7.081964899776148348e-02 1.762378404337932247e+00 5.066733288128105750e-01 1.908397041403435690e-01 2.687460017354159070e-01 1.129106241951880696e+00 5.214449031395840262e-02 1.498137279076031669e-01 9.928923759186927822e-02 1.922572872011706124e+00
4.899008200948758163e-02 1.701225444979323487e-01 6.570089172247298714e-01 2.827492170472002408e-01 3.070203850323451333e-01 1.276590448512414433e+00 6.242926427031882108e-02 5.714958488204090886e-03 1.680910435336062381e-01 6.567048504297509637e-02
1.125216811362610703e-01 2.125659709185047375e-02 8.757378751355943125e-01 4.304231336701255239e-01 6.130264721035366682e-01 1.339746282811580702e+00 2.696904662061262448e-01 2.075064102676837940e-01 2.885487332487517848e-02 1.628893112489384620e-01
3.411485154408270826e-01 4.473703419827846361e-01 1.013222392025027840e+00 5.355834565242975076e-01 8.514696847537163160e-01 3.639488383902874435e+00 2.268908225460980699e+00 1.864359539704730784e+00 6.329958397266163272e-01 2.185953992887131603e-01
3.416013698579470903e-01 3.901353234637457423e-01 6.270036748442584518e-01 2.722913731515705926e-01 6.091288210567677996e-01 3.302552728542816340e-01 5.078950844883003413e-01 1.067801036393786068e-01 2.344699553870154551e-01 4.161884173513627494e-01
6.375105593118970404e-01 4.960253251107909489e-01 1.186739308661030945e+00 7.186633010302925229e-01 1.487722341352203603e+00 3.162727623998152215e-01 4.938502219196761467e-01 5.433083926227486593e-01 2.517093652837752438e-01 6.968690049845440715e-01
2.678107949738393612e-01 1.348681813228879145e-01 1.113613655410451431e+00 6.710411561297257022e-01 1.347786052944701662e+00 2.932915991440765424e-01 5.435244076116497736e-01 5.973395955953645364e-01 1.439125895208994144e-01 1.282880110589952882e-01
3.673170166242583495e-02 5.272792133445795004e-01 8.902212583512074673e-01 4.965478982491096649e-01 7.907855932330616344e-01 3.272242971516695631e-01 5.109832900617133911e-01 8.011825619431423018e-01 2.391622830306511516e-01 4.700215306843780194e-01
8.981648198446134934e-02 2.691542576327472069e+00 4.707513566703184771e-01 1.859391539559274442e-01 3.699870280549651391e-01 9.477016915505541705e-01 7.167576700977854043e-02 2.861927181208757109e-01 1.587541037507565478e-01 2.593235346346062897e+00
5.004234969968291216e-03 5.952388315226497806e-02 5.874432942197534979e-01 2.546359361063534887e-01 3.796547833437718400e-01 1.544485986371315622e+00 5.765199860263525711e-02 2.062325320987395127e-01 1.171881955283746307e-01 4.453493904149471994e-02
1.702191232566336865e-01 2.666846532741228293e-01 7.817115272227527223e-01 3.865600966659141768e-01 5.591366783221030090e-01 1.295576720521596004e+00 8.536932611378174329e-02 1.705896476859408428e-01 3.058039073639388927e-02 4.000857104539436992e-01
4.707551584415874957e-01 9.972029437060163370e-02 9.041717725711497788e-01 4.809327335601757958e-01 8.511200963861698110e-01 1.598349635159775461e+00 1.412991849548776158e-01 9.939734703710925712e-02 6.876142620231679992e-01 7.911656155904379928e-02
8.432008385865316091e-01 2.141637808297268464e+00 1.023293814371099897e+00 5.943408864541460668e-01 1.911812764005181853e+00 2.642476869108200344e+00 1.487387697167743772e+00 1.319287040318678939e+00 8.954572876403940063e-01 2.561112930865770743e+00
3.389310528571369274e-01 2.393177589364704413e-02 5.657190482456219138e-01 2.503704350489417974e-01 7.420899583999087668e-01 4.936841419884526738e-01 4.191921502001362265e-01 4.930629856860729299e-01 2.939435919263286290e-01 3.396153629089965209e-02
5.592680992807038676e-01 5.099030486090012637e-01 1.059512276316471047e+00 6.460862826412884230e-01 1.502173658001253909e+00 5.890331790955084523e-01 4.631299303826720282e-01 2.577778518922149709e-01 2.155587226570600257e-01 2.950100224085797085e-01
2.767943079123650341e-01 1.666866382522882994e-01 9.937121187742304906e-01 6.029525663318231476e-01 1.339399560133206046e+00 2.502295640550546429e-01 5.022160640031400058e-01 1.217841537370311089e-01 9.713682642683711677e-02 9.541669932098424678e-02
2.612588705934284009e-02 5.894950538893088954e-01 7.942680908136562357e-01 4.461501952814836414e-01 7.982394902836185135e-01 3.516219166671359364e-01 4.674542594753278157e-01 5.380640397833731381e-01 1.441637594990463345e-01 4.457958786312289923e-01
7.913464218633677050e-02 1.816041994547836769e+00 4.201328720769170189e-01 1.671104902382009871e-01 3.586333730271253351e-01 1.016888457479630192e+00 6.278117291332172001e-02 2.231574679910305892e-01 1.460335699850309754e-01 1.894485289010097162e+00
4.425900121101539360e-03 1.446418878010171383e-01 5.243383729338396693e-01 2.288885163934366584e-01 3.751933655855512195e-01 1.184289370949543008e+00 5.475759074801084259e-02 9.160941594125437959e-02 9.302679259050182503e-02 3.765390188278037314e-02
1.806314624577453620e-01 4.931088300516510703e-01 6.976917448290578250e-01 3.474887796645984572e-01 5.845091504830119966e-01 1.579846537550572361e+00 8.925951205471527317e-02 1.345841558250822079e-01 6.913829110990256377e-02 3.520312858955330082e-01
4.148916891225861714e-01 7.980612833017799446e-01 8.068694829232311294e-01 4.323128088255807078e-01 7.659388642705533545e-01 1.387004143875585349e+00 4.624170145398542875e-02 2.727566397729658809e-01 5.983632538647752908e-01 9.508716250042466012e-01
7.699741986748198652e-01 1.530015282649008768e+00 9.129779315325206035e-01 5.342076345689881212e-01 1.900013731101406922e+00 2.311878638542510522e+00 1.437060044855859919e+00 1.225990985643197639e+00 8.453857438596701357e-01 1.905158851748875115e+00
3.097314016760931432e-01 1.257600779024260242e-03 5.048096798779425631e-01 2.250774079960708995e-01 8.125705208927971324e-01 4.891822537102427648e-02 3.730281123411451905e-01 1.287925958350534528e-02 2.760689273943025546e-01 4.309805801228692654e-03
5.531168244133858325e-01 4.620785248225884878e-01 9.452147191703749174e-01 5.807454491492407556e-01 1.509008711357037180e+00 6.768608429680859073e-01 4.322444241086237371e-01 1.168069405726029908e-01 2.404030570686718493e-01 2.818546943960436035e-01
2.044940165834463197e-01 5.156775909687267845e-01 8.863437824912158147e-01 5.419241317783822787e-01 1.165485710488520121e+00 3.095138936558556875e-01 1.855549350172211120e+00 1.894023473873699404e+00 5.797437735699593336e-02 1.445695609926472169e+00
1.111604432786135639e-02 2.776807460996100207e-01 2.950559060596893879e+00 1.846107870312706289e+00 9.644723039375235896e-01 1.451044436118117259e-02 2.583059644612363481e+00 2.948330740273414463e+00 5.092089441988268961e-01 1.220302022813029685e+00
4.764145852540976889e-02 1.148872804366561917e+00 4.865185315249194176e-01 2.225986556880013567e-01 2.806516248266427427e-01 7.186457316262926387e-01 5.458379223687827991e-02 3.363564225195863622e-01 1.456149093808823125e-01 1.139934373926696276e+00
2.252366842475281641e-02 1.062733461628254800e-01 4.732895213163433312e-01 2.097206892511451481e-01 2.715143180313375204e-01 1.343715655125894637e+00 5.534567341394833889e-02 7.799017283229811581e-02 4.855498201626610999e-02 1.000579525172681783e-02
2.002216942697934710e-01 5.326097601226205125e-01 6.225743714651180705e-01 3.131012504525980122e-01 5.941835052708218656e-01 1.798161670793065658e+00 7.995965743757149635e-02 3.510668902163058824e-01 1.114332606684988042e-01 6.376712514333426896e-01
4.062729581760796682e-01 5.500320754806190537e-01 7.195826904225757215e-01 3.892980372703781500e-01 6.895581339798266818e-01 1.367881184599850641e+00 4.741637416836212704e-02 4.000223437712260299e-01 5.817318656395109588e-01 3.993328187456944289e-01
7.048187602130052687e-01 2.403441979128825512e+00 8.140310927021650045e-01 4.809951393864549951e-01 1.890143616024535511e+00 2.338896649945418904e+00 1.330795047372328899e+00 1.144489315597563506e+00 7.848341473054466499e-01 2.695558201060469727e+00
2.830108378601004504e-01 5.265969207857432166e-02 4.501475983109040624e-01 2.026796753332640311e-01 8.757808122615626800e-01 1.392069112463088509e-01 3.246105838723093995e-01 2.383476763878219357e-02 2.578815426303380787e-01 4.332713171103658861e-02
4.540194515765323402e-01 4.126681124894307495e-01 8.426748036949865961e-01 5.228878655547322118e-01 1.508423499434676573e+00 6.080838463427297169e-01 3.898905411590630754e-01 1.172371338952084424e-01 1.766482148903910920e-01 2.489342622580154041e-01
1.329274205048304180e-01 9.888672143319567065e-02 7.900449877286561673e-01 4.878846836587366620e-01 1.303629347721021903e+00 3.524113809689977117e-01 3.995564455026383577e-01 7.603785200809619338e-02 2.041880346131208501e-01 7.012716969916027443e-02
1.272530753918873492e-01 5.294931668941289526e-01 6.974071926662421816e-01 3.984671221321531287e-01 8.340728043321363749e-01 3.557052958815032917e-01 4.184503012451766257e-01 9.650518527823752635e-01 1.782569797358591335e-01 3.748382254780581180e-01
7.601091783356606069e-02 7.795511668035041142e-01 3.375469565523526727e-01 1.371600976970178687e-01 3.188406325130561658e-01 5.184111583457480243e-01 4.651409092120995653e-02 5.435066348731381058e-01 1.337706007925545948e-01 6.994351423796636436e-01
2.388277529347338293e-02 4.678781891480809224e-03 4.174359431230430517e-01 1.854457569303418762e-01 3.481334791959019848e-01 6.408511445262816686e-01 4.598060902328899441e-02 4.957928250536096648e-01 7.123048948870656927e-02 1.055319476408171364e-01
7.753092016979058754e-02 4.942070722564914642e-01 5.552033513338394677e-01 2.814164664624276280e-01 6.035542726577893813e-01 1.317705272951253281e+00 7.219657205200386008e-02 3.651837321078509058e-02 2.049610286997000444e-02 3.456021975615248265e-01
2.020029700459126665e-01 7.777136514809852574e-01 6.419462197485241717e-01 3.500913482434508950e-01 6.209771803077370755e-01 3.233753164002894032e+00 2.181619342436601716e+00 1.782055129765539148e+00 9.557363631734107079e-01 1.120485013107000105e+00
2.440374991307101005e-01 2.987530831878290716e+00 3.974600117088309403e-01 1.780920758537695436e-01 8.155752796307396135e-01 1.477358103048410365e-01 3.313188633792782389e-01 1.738126498832589517e-01 1.563066203770848428e-01 2.941755473696440859e+00
4.812548074277211430e-01 3.223599894955894163e-01 7.515929809108728987e-01 4.698109395576423597e-01 1.458756011626185956e+00 7.781566421424134239e-01 3.578620724790666507e-01 1.574929387184828278e-01 2.147307039204448820e-01 4.353064900255749214e-01
2.711461590415433776e-01 3.082810242084745300e-01 7.047566629435588759e-01 4.385150169288800082e-01 1.305421793070740355e+00 4.578194094333091352e-02 3.654031312346008309e-01 2.467705883639959297e-01 4.493887457968059884e-02 4.490396022337519444e-01
9.049528843603134309e-02 1.233824631745897404e+00 6.220900750193337769e-01 3.581480003173154181e-01 8.439484852056695630e-01 3.324123790550387869e-01 3.784357977199270806e-01 5.914555640122199920e-01 1.760119742059659126e-02 1.295471563547120342e+00
3.292958375770439067e-02 3.048075175888935728e-01 3.011648906181294549e-01 1.233020664835040164e-01 3.140943964169647384e-01 5.445931371992236425e-01 4.086278249895927001e-02 4.891011825100478050e-01 1.498928206153905818e-01 3.680122163747807096e-01
6.323559998035838126e-02 3.081859684336878957e-01 3.724924954531808052e-01 1.667277126555576916e-01 3.494466294960028030e-01 6.285738067564987652e-01 4.227455900904199954e-02 4.635805718789142160e-01 1.087599062772224706e-01 3.718028069225368104e-01
6.851294484047699973e-02 6.180585095710637578e-02 4.954347762198768046e-01 2.530218429230877142e-01 5.470635719742252823e-01 1.257288431279303786e+00 9.787404668155870457e-02 4.045175043866621745e-01 9.484942677781483394e-03 3.446636876144471701e-02
2.359440871156039399e-01 1.742527633582711677e-01 5.728149451608346432e-01 3.147671043369248967e-01 6.195688361440206959e-01 1.258341716909241681e+00 4.477332621636805066e-02 2.937414023359305459e-01 5.075475710714414390e-01 2.290999202553830327e-01
6.430530540031692555e-01 9.960348614429571645e-01 7.169074082648562163e-01 4.304088387978121100e-01 1.887113165829461092e+00 2.565991285090195806e+00 1.280121085433888695e+00 1.059607850628765391e+00 7.743243163705256782e-01 7.735419606849021079e-01
2.368966998716545980e-01 1.866793694018593908e-01 3.619318065796223172e-01 1.660053171345685918e-01 9.358591190961383921e-01 7.865449637532045957e-01 2.572881694513628470e-01 6.382038738477460171e-01 2.241167342121294648e-01 1.763246751323614137e-01
3.698049506182836677e-01 2.921444045205555118e-01 6.711067778672588080e-01 4.229686532441113145e-01 1.929913757228478133e+00 9.005052609383331630e-01 1.974260564490962988e+00 1.644815148331929100e+00 4.360992912724376280e-02 1.238408267924619777e+00
7.670736534193135503e-01 6.370242699433753542e-01 2.429854065963171106e+00 1.492226306543634307e+00 8.450909225972215166e-01 8.076922338698646620e-01 2.492933585518362527e+00 2.340296977568704584e+00 8.654139938349285355e-02 8.019517077509232816e-01
1.104514559393992845e-01 6.295921458974975682e-01 6.456025390537321051e-01 3.775425447976203941e-01 8.184734870675913765e-01 2.924154750864705887e-01 4.449279014174323810e-01 5.687738054017823508e-01 1.781945116635505200e-01 4.548625744144042526e-01
5.721168989657607340e-02 2.411516876806435672e+00 2.735404851872356158e-01 1.138464382884721016e-01 3.102479607278575968e-01 9.401054299275447557e-01 3.102857763508350131e-02 1.056317792570405506e-01 1.189197924976293647e-01 2.277910253595042622e+00
1.995721502047182946e-02 7.127800748474939774e-02 3.330372890861694746e-01 1.503857659289274395e-01 3.513168139509789678e-01 8.421990089970698978e-01 3.735923818704320332e-02 2.344770183803864538e-01 1.703443265047613342e-02 3.510379081632702437e-03
1.454764456305447651e-01 4.360873752157065630e-01 4.426772864346765757e-01 2.280272499508832484e-01 5.507477001149586604e-01 1.186615735884971379e+00 8.927739880445011156e-02 4.412724245627030473e-01 9.905775795459724475e-02 3.393647400283771876e-01
2.809901791917894243e-01 1.376867485278192582e-01 5.117864915840731888e-01 2.836628412042579983e-01 5.572209522599893550e-01 1.225870162350038539e+00 5.882726034600367637e-02 4.522151233395639292e-01 5.116706918021172168e-01 1.860170087489352031e-01
5.897779552896443844e-01 1.640575845702171742e+00 6.404512187278157409e-01 3.878516402028168164e-01 1.875581700951066466e+00 2.009352830977008342e+00 1.173675254071859797e+00 9.234104074731740441e-01 7.300367573797751364e-01 1.763952507961925820e+00
2.162037859782787175e-01 2.937355307949217065e-01 3.233749729818434226e-01 1.496049947626252874e-01 9.845895404138608198e-01 5.408058744247317556e-02 2.252484162573144821e-01 9.625237147107570945e-02 2.091961223468255249e-01 2.881580506489684335e-01
3.726394832379866795e-01 2.549030081714596663e-01 5.995528545737462967e-01 3.811567776782520678e-01 1.444532532293020921e+00 9.636324625136256927e-02 2.766919412815631030e-01 5.944995588665422659e-01 1.488805871272930181e-01 2.150975446470424490e-01
5.316880902192288039e-01 1.123905401608641524e-01 6.210919371822251067e-01 3.929428352810973579e-01 1.301079845534341084e+00 4.373479793693594297e-01 3.510663550688540857e-01 5.054280540020219537e-01 4.960494195436102732e-02 1.976374341128405432e-01
9.290833249637522329e+00 5.442433209132354482e-02 4.989826461900490617e-01 2.922499536845035162e-01 8.410109215068199973e-01 3.129627770945208609e-01 3.082884312495599577e-01 6.662430756043020708e-01 5.179363996183318324e-03 6.771346650451273708e-02
1.169023642443190703e+01 1.479966259782749816e-01 2.403914716264088647e-01 1.000928182425509932e-01 3.087281020823136601e-01 1.177877082456787905e+00 3.408476866176294445e-02 9.925625831321219228e-02 1.181752402292262499e-01 9.805983053084543766e-02
6.261585181603896544e+00 1.986745991196817163e-01 2.972338966186117148e-01 1.352493409201067365e-01 3.527604479754162803e-01 1.084130744997012119e+00 3.238007539649715577e-02 5.893825367985876945e-02 1.100417080957439286e-01 2.650986026934116224e-01
7.092484982133238081e-01 3.498012831417702806e-01 3.953618877277914057e-01 2.052612595018054875e-01 9.577433035831769415e-01 6.060212627024846171e-02 1.748581659586718462e-01 1.626924275966380729e-01 2.761543805037268040e+00 7.637921083659965360e-01
5.101018703138588961e+00 1.401358223715212237e-01 2.460510075050543310e+00 1.645423497724255446e+00 4.004875647654881354e-01 1.089442407873194796e+00 4.375241023054699668e-02 5.880347761532560558e-01 3.054424190672264672e+00 1.823432982280283055e+00
8.547769730830344415e+00 1.070423301800090377e+00 6.725801750308668669e-01 4.191230679046882290e-01 1.818955961644875385e+00 3.810297473982771965e+00 1.111868744192515024e+00 9.570301229348777694e-01 6.990473263585297303e-01 7.829144689147135017e-01
7.813597916814578603e+00 1.395715596888187915e-01 2.940720489727183806e-01 1.383373839197000188e-01 9.788784024139829398e-01 6.210907889682649730e-01 2.006079018640696265e-01 4.877850639603597549e-01 1.892477604284785175e-01 1.442989706940086825e-01
4.089939387486717592e+00 1.107695970449145362e+00 5.361637947213975242e-01 3.437519845287339559e-01 1.566657613582411068e+00 7.470715259605007486e-01 2.572551954390588924e-01 4.279192305437781035e-02 1.530002488447043119e-01 1.101817492582430003e+00
2.429859049978241037e-01 3.515152113127176237e-02 5.551342408862510736e-01 3.541907365994199641e-01 1.417393394095126435e+00 8.095990677107574307e-02 3.218122239104544424e-01 1.973208864365091075e-01 1.754172743470882798e-02 2.629929635260776499e-01
3.074535328600061845e+00 1.689980178575772318e-01 4.459782866024194492e-01 2.634196622709006341e-01 6.975884399869274333e-01 3.244620839623238995e-01 2.794665613111875224e-01 1.010221849722225507e+00 6.563670160267688625e-02 4.421520577544075375e-02
5.940649882043207874e+00 9.776425814438758355e-01 2.148936547982713274e-01 9.022776948143666764e-02 5.158474563932676782e-01 1.616970951637545714e-02 8.384298750978469439e-01 1.910593812869095576e+00 2.221544247020021068e+00 5.791932988598450516e-01
5.236695617750473986e+00 1.775628201653971283e+00 1.837792020849908781e-01 7.382811751250174803e-02 3.127315260706952094e-01 1.109969986986192092e+00 8.736349164640980214e-02 7.414281708222485168e-02 2.367592142454172932e-01 1.822826980989658008e+00
3.018709321347810892e+00 1.611529824355189267e-01 2.637291003326703853e-01 1.210457554739767932e-01 3.662974342945589101e-01 1.021701642136280341e+00 2.463952973069490071e-02 1.444153245275571762e-01 1.013930129637560275e-02 8.765925835242674435e-02
1.286978781596856136e-01 5.400232745656449729e-02 3.527864526281924706e-01 1.849128177992311883e-01 6.761305588885261342e-01 1.043578144449290868e+00 6.258313224504820360e-02 3.852349490091591111e-01 5.789431850471776775e-02 1.240836255713594488e-01
3.049798876064861552e+00 2.209508446812819271e-01 4.514389136148119763e-01 2.546548041827907949e-01 5.068607535329778813e-01 3.091522626702292165e+00 2.071281716252788563e+00 1.560690954907984151e+00 1.059409232896432851e+00 5.564669917660678422e-01
5.297294538197160563e+00 8.280633706597732846e-02 2.549732399430802987e-01 1.183349700733637017e-01 9.170385651056426335e-01 3.082751508910676688e-02 2.223068399304392873e-01 2.360700235970190353e-01 8.287244489584165430e-02 9.236239583130763375e-02
2.981036796600846195e+00 5.017861244142340915e-01 4.780289432569474473e-01 3.089339200402166918e-01 1.510404654936561730e+00 1.012900570021484370e+00 2.418012636945910676e-01 9.981137079425575487e-02 1.688433587587123696e-01 5.057347481533021050e-01
3.877310066955397261e-01 3.139419893837127051e-01 4.953016714842201629e-01 3.186093503592110077e-01 1.344655314756119546e+00 3.905495741436042501e-01 3.004972972008919663e-01 7.195921896246153249e-02 7.519358338011093712e-02 5.616134150118086144e-01
1.834764589621654673e+00 3.594410591145002498e-01 3.979460532658350980e-01 2.369737847175856227e-01 7.748712775949178067e-01 1.833902957224245109e-02 2.447139042137636278e-01 8.106078712429952704e-01 1.609767913753236968e-01 2.842207260632035326e-01
3.685048441690117471e+00 1.058319671421201980e+00 1.745844301920112529e-01 7.424412820945924807e-02 5.216653664444760308e-01 8.492515193499961456e-04 8.411206067622687410e-01 1.943110659936290396e+00 2.078635022650056285e+00 2.675415229025748798e-01
3.654567790990542075e+00 1.514716145784987811e+00 1.477294226816019684e-01 5.984591483152540414e-02 2.801276617833651783e-01 4.560234165561515840e-01 1.442145416038675410e-01 7.753929893254726258e-01 4.434393071045012458e-01 1.558788848611508016e+00
2.424954283454931581e+00 2.301710406059505332e-01 2.346174122506092530e-01 1.085968099875191106e-01 3.379268583866666953e-01 9.671498218036846950e-01 1.838581898046054777e-02 1.519682781290079276e-01 4.806128605364620027e-02 2.827842208243270261e-01
4.009509896690249264e-01 6.790792347068112800e-02 3.149221246006361774e-01 1.663910048208852577e-01 9.324684103429417004e-01 5.341906932234479211e-01 1.549663743118283032e-01 2.796336134693445663e-01 2.333396955934640804e+00 9.235459532826054696e-01
2.210668246641298573e+00 6.300248603816447357e-01 2.177929163746764818e+00 1.481675382500714289e+00 3.642951639829551391e-01 1.664504208129152563e+00 6.460845292684219698e-02 3.489021290483146909e-01 2.685222099197777990e+00 9.615990289119786816e-01
4.359274914915638455e+00 1.016790416927130458e+00 5.958196112051260540e-01 3.776267846825730468e-01 1.823052193565711798e+00 3.014287817762406618e+00 1.111482492554463963e+00 8.476791406046239041e-01 4.788166898305139529e-01 6.990545472011251427e-01
4.193105961111633917e+00 1.329569861781962903e-01 2.375431099696234116e-01 1.140976764827872358e-01 9.813407024043270255e-01 2.830249981629910302e-02 1.528867788102184766e-01 4.907468296270369595e-02 1.309631885244729732e-01 1.513048933183784306e-01
2.169350586855805396e+00 9.629077379121689928e-01 4.278209424458955801e-01 2.789163239513865467e-01 1.625576103720473897e+00 6.379223089693256687e-01 2.324814269504655306e-01 7.428630843182928989e-02 7.312407812767050819e-02 9.494194537842459702e-01
7.257694885434018287e-04 6.831734559958682063e-01 4.427995465627649341e-01 2.872814271466807567e-01 1.344962345529157277e+00 6.886804479935185186e-02 2.819225417302526626e-01 1.749358099039987069e-01 7.484038351603554406e-02 8.882545024800041489e-01
1.851960220075652641e+00 2.208843076973057429e-01 3.557605783076780437e-01 2.136629542368802814e-01 8.785735278477668775e-01 2.888606096074577967e-01 1.956269490816389123e-01 6.335503526147358011e-01 1.823926769035425291e-02 3.787702772888962982e-02
2.946124259626561770e+00 3.182458998514718918e-01 1.422632604406904033e-01 6.131927235571748430e-02 2.763474938969028294e-01 5.707948389329513539e-01 1.315731989246676226e-01 5.529364084052371675e-01 4.125158092173293323e-01 3.516148108112223669e-01
1.921021309956558509e+00 2.382082597012238345e-01 2.106418390766691406e-01 9.833767788051517300e-02 3.917893203667104363e-01 1.279953815963357000e+00 1.466146197366535904e-02 1.367274772776653768e-01 1.464954931683256321e-02 1.699187777458182613e-01
1.805608036038680864e-01 3.931997108975572586e-02 2.821102051223156604e-01 1.501323977523847386e-01 7.337341699903009440e-01 1.189061760388537836e+00 1.702000996647362874e-01 3.822523308166675959e-01 3.778393796148385442e-02 1.001861600367606742e-01
2.056014259193938543e+00 1.734210280285790051e-01 3.996301775031654846e-01 2.289101851894776440e-01 5.087166833551207690e-01 3.017962288394682613e+00 1.984042424382932435e+00 1.419906623501146825e+00 9.990024475783633173e-01 2.573022857713220743e-02
3.511173323789422263e+00 1.578279231395099069e+00 2.059178497389754503e-01 9.720489856766648118e-02 9.173777804720306683e-01 1.790097578311988513e-01 1.829070793726120525e-01 5.338653592505646639e-01 5.446416839254402537e-02 1.503272196739606770e+00
1.883750608965260920e+00 2.148760307153328442e-01 3.825377337657764887e-01 2.509255507653415651e-01 1.560262932354404164e+00 4.100675007756253709e-01 2.103420105669049356e-01 4.340000755546909450e-01 7.754533079945218066e-02 1.831144984538522758e-01
1.417884519549615085e-01 1.891554853938602343e-01 5.724963602668058371e-01 2.587189323490350357e-01 1.328133188128787445e+00 3.460116162813497431e-01 2.545310133537957431e-01 4.248390989816347996e-01 5.026713486759464694e-03 3.835299284799968955e-01
1.439734676124335699e+00 4.305433675512739256e-01 5.036226006129344013e-01 1.924321003063841906e-01 8.956364895883214272e-01 2.734197937002095236e-01 1.743377292841018500e-01 1.424427919205096593e+00 4.741717788081493273e-02 2.291927341898342962e-01
2.427227675820780028e+00 7.808654400461398915e-01 1.367322872246702903e-01 5.523134243692961326e-02 5.272745769449240782e-01 1.358677367610041514e-02 8.531897987671165362e-01 2.231070884505560237e+00 2.146278833441750855e+00 3.018874310340021738e-01
2.291507734404113261e+00 1.264311859641805480e+00 2.828848520745713691e-01 4.380064203033820491e-02 1.130475217476164945e-01 5.191171803928252837e-01 1.711427837451225120e-01 6.777315939599205530e-01 4.925002038989060860e-01 1.296910725720399782e+00
1.700434692989919450e+00 2.392872229725124256e-01 3.722560266099144144e-01 8.798627449695890779e-02 2.827674762062918901e-01 1.369211240819943498e+00 8.947029943969446453e-03 1.355833232641618924e-01 5.164447754564112369e-02 2.713744608694252936e-01
3.447212421008924443e-01 6.778867143264506734e-02 4.379219625890731216e-01 1.351782339575700320e-01 9.149735083567810401e-01 4.295518261219669759e-02 1.258340459345130280e-01 1.886602669292360979e-01 1.969025901980467674e+00 8.652698222762488234e-01
1.784428348291295041e+00 7.096212741386248579e-01 2.128151644454854718e+00 1.336868388282653530e+00 3.312415490212486380e-01 2.035384216868237672e+00 1.440292380949993734e-01 2.476745418259015674e-01 2.454106343926241163e+00 7.576433653677367985e-01
3.427798252823342828e+00 9.376415893795843060e-01 7.173707655770639180e-01 3.408859093593902267e-01 1.822567041866218762e+00 3.144309093794317445e+00 1.050678353891317141e+00 7.799295402455598269e-01 3.811471870993813349e-01 7.709009589280177988e-01
3.042283908704179751e+00 2.818084316385423560e-01 3.789221402013515094e-01 9.442247502829442807e-02 9.814711337153086967e-01 1.051391626197206858e-01 1.194841499828606241e-01 3.820733239490344824e-01 9.646471454221686170e-02 2.926289941719310561e-01
1.666958526799216189e+00 5.242742516582562518e-01 5.298026639406610006e-01 2.267359805507734860e-01 1.670372412968955889e+00 6.782707913063654726e-01 2.020864591935896959e-01 1.047601314791748867e-01 9.225067401055871141e-02 5.245136053695845790e-01
1.730577705048718939e-01 7.148290353665569530e-01 5.243833909626762768e-01 2.334455852019161892e-01 1.290813334198713580e+00 3.541443663222743066e-01 2.386614706447006407e-01 1.945180800694241430e-01 7.448424033347053781e-03 8.656087496195082887e-01
1.220203050854081317e+00 2.912969074613682152e-01 4.535634973382460244e-01 1.736252796100420381e-01 1.011238065037711076e+00 2.765515518704254050e-01 1.237707735150335997e-01 1.442616953071434560e+00 9.227104527806437306e-02 6.076628334128997624e-03
1.880143405731597106e+00 8.232727408437925942e-02 2.713572448678732707e-01 4.572098137483947278e-02 5.318584029562063442e-01 1.371878143371239173e-02 8.617049250912643954e-01 1.652831285776785508e+00 2.114417989930245323e+00 7.990291391154407119e-01
1.772924794174920882e+00 1.108620574946126647e+00 2.372335890637150835e-01 3.561612513794557011e-02 6.821736149260816499e-03 5.707839462411276044e-01 2.031380201733812563e-01 6.402102051758745693e-01 5.997107631893594526e-01 1.145490429290197731e+00
1.288543691832555016e+00 1.623857188689570297e-01 3.342573155531290419e-01 7.920713816031393906e-02 2.475763680419215962e-01 1.473238592291391980e+00 3.268523056754842754e-03 2.247334402088115579e-01 4.077996831474641620e-02 1.191639513151736135e-01
5.400240817794586812e-02 4.633758049846081750e-01 3.941804462597113812e-01 1.219850630829029392e-01 7.730014713951367522e-01 1.766476249861491654e+00 2.652083301930938108e-01 2.959111138491742760e-02 4.832310203222304340e-02 3.798733602901935291e-01
1.901624334714032916e+00 2.494521590415538503e-01 5.416908758926055611e-01 2.060548595251960879e-01 5.100511737671381551e-01 1.215177317301366466e+00 3.344937225782132484e-02 7.279747055656786425e-02 7.371810219932293240e-01 4.090701740912778411e-02
3.348464791130787432e+00 2.214007094637918449e+00 5.768535885826425735e-01 2.572961418435063541e-01 1.863628089329279591e+00 2.222322608444938563e+00 1.014127414135098437e+00 6.397028898748601256e-01 4.563885951618999459e-01 2.196627625041034815e+00
2.647487007147950155e+00 4.071305156407011294e-01 3.375623547888966791e-01 8.261978722710948408e-02 1.028291294592111438e+00 8.462375015069588391e-02 1.034210069536169729e-01 4.969864347028553342e-02 8.873161890024146292e-02 4.234418337868968152e-01
1.269670580542304972e+00 1.544898586454895861e-01 4.765708477902964035e-01 2.042708376993132846e-01 1.634332908195293532e+00 3.248039721958038695e-01 1.914018230793599062e-01 3.649951425415813300e-01 9.314771926552497389e-03 1.161042808629969975e-01
8.021348123572925870e-02 1.053141971157622175e-01 4.718258682722920594e-01 2.104391738002384937e-01 1.268793478317536305e+00 5.117405575250424249e-02 2.230247193050726717e-01 8.520550200816467967e-02 1.163092792980703616e-01 2.683758776251470302e-01
1.256278744266470682e+00 1.461509696992830121e-01 4.080948026219526903e-01 1.565234095490060928e-01 9.837175439478661465e-01 2.356360956447428323e-01 7.072553843133433382e-02 3.082535968127507187e-01 7.706417461811192193e-02 4.134825030441302007e-01
1.571788176087798750e+00 2.711267744002306412e-01 4.593307263446790023e-02 3.788136221010381804e-02 1.799045880181792956e-01 7.792466226802402529e-01 1.810558013967470126e-01 3.901685153965414043e-01 5.107832034721012660e-01 1.831114620095007084e-01
1.233391056205032088e+00 1.726222961078214546e-01 1.166295611924461073e-01 7.171810547769379152e-02 3.244153419263131055e-01 1.575411302597082397e+00 3.117352643050107621e-04 2.978007321241929461e-01 9.279264266281348275e-03 2.107515580893882245e-01
5.295625911007124931e-02 3.652510347150290659e-01 1.695636021164595719e-01 1.100258960349190379e-01 7.449006481085338471e-01 1.683030034102777739e+00 2.419073241685847919e-01 7.766133475309668077e-02 7.618002801931964864e-03 4.120118866978386141e-01
1.513395553320955766e+00 1.984268818751426244e-01 4.773732608966339552e-01 1.858301434120585294e-01 4.590002929345833316e-01 9.191918668781638990e-01 1.249379846393048193e-01 5.244979936929463626e-01 6.186171304824814587e-01 4.176962071366477347e-01
2.929594497386996288e+00 1.165343387942898934e+00 5.176861775122617582e-01 2.320371179448586230e-01 1.853804421537245117e+00 2.150981702792266415e+00 9.327012296839916061e-01 6.339215237959084925e-01 4.191987268473101325e-01 1.038516740171632202e+00
2.327910681109398805e+00 2.112923005711496161e-01 3.031885112306155206e-01 7.451311413371672354e-02 1.066630722618086002e+00 1.285169756142376940e-01 9.357455008513505812e-02 1.826950668922680890e-02 8.594992972677333032e-02 2.338307549044619515e-01
1.255376832541212906e+00 3.649586548170909994e-01 4.280498378296978546e-01 1.842275363805185306e-01 1.595557222324902824e+00 1.572278596567956432e-01 1.734040362747730213e-01 4.646607960291543327e-01 6.986746721770527302e-02 3.822652418062862933e-01
4.451829850239132080e-02 2.496145145550485722e-01 4.237676977938017453e-01 1.897903453834055010e-01 1.260483276413996379e+00 1.353841138575291314e-01 1.996109036474693621e-01 6.093897494396671201e-03 3.700407922195145249e-02 3.930315431423761496e-01
1.115268685034826568e+00 1.252015432463963462e-01 3.665185292173166465e-01 1.411677014396001406e-01 9.790896110501794425e-01 2.398160260938081711e-01 5.966687319708152692e-02 5.721080530709049539e-01 9.318793429276971130e-02 3.602622805864783007e-01
1.385154603440871712e+00 3.272371211851559547e+00 2.167462732783275725e-01 3.416747221808281304e-02 1.798212196821779574e-01 8.555393737558200096e-01 1.681913148991697471e-01 2.737382954263826162e-01 4.606904319373238410e-01 3.086361772666820880e+00
1.025917575000224513e+00 7.383015153104989514e-02 2.891152850272339370e-01 6.469017175715389978e-02 3.212307188723986795e-01 1.475344416168379302e+00 3.349101909966217122e-03 1.819042168529013959e-01 3.324408258448997844e-02 1.938177928722447166e-02
1.105159110646015408e-01 6.080964412112748602e-02 3.372761553892491548e-01 9.924736491952311501e-02 7.114717631370598427e-01 1.776765056096401896e+00 2.216709795017380025e-01 1.935463388400545173e-02 8.603240774934399482e-02 1.210045797476244217e-01
1.572612633528685633e+00 3.675722244012279150e-02 4.389549212141690693e-01 1.676260188351154368e-01 4.130377668615296538e-01 1.869347442649063051e+00 2.054485673496308507e-01 2.536720090935866145e-01 7.000443074487843198e-01 2.466928180576148932e-01
2.603097419653632727e+00 1.736831106374167488e+00 4.664355694835218835e-01 2.093038077877796277e-01 1.845073923990870446e+00 2.272628163283898051e+00 8.530666378160648433e-01 6.229500123614797324e-01 3.955961677036327062e-01 1.769290140077557805e+00
2.063559724497435521e+00 3.262672602504073094e-01 2.729264036300415031e-01 6.721627560266335566e-02 1.100888864543148493e+00 5.725906011199051460e-02 8.504417722386067857e-02 2.276765075833061258e-01 8.606185382481436330e-02 3.709495932419077380e-01
9.918365382360205817e-01 1.755518527716238841e-01 3.852737995174104757e-01 1.661869070556981354e-01 1.556744475828469199e+00 5.235917895791787346e-01 1.563889410259795831e-01 7.876541052568558632e-02 7.265056963785499096e-03 1.105695305834344111e-01
1.796425238038434347e-01 3.106527325866829115e-01 3.814004123423398451e-01 1.712051106746630413e-01 1.402078489810560047e+00 6.974711048464429242e-01 2.358837426279616789e+00 2.292787923880450496e+00 3.027957250466135619e-01 1.564906257400699330e+00
2.454113516895608971e+00 7.592768428463047004e-01 2.645938142115536795e+00 1.663921347255369332e+00 8.316408737541992613e-01 3.333121027578090506e-02 2.434732612890420089e+00 2.128674930986498737e+00 5.635949563479026869e-01 7.021129295771592060e-01
1.277112822068380726e+00 3.899552553978695157e-01 3.105346919124190030e-01 1.076632621776445337e-01 8.388204134454654848e-02 8.597529427856266393e-01 3.426621421184700145e-02 1.635951409498563047e-01 4.016913491970588446e-01 4.002641706018498780e-01
9.058225767531818962e-01 5.773342446676216211e-01 2.655704230565009150e-01 6.222929224194831410e-02 2.219195406459011366e-01 9.574001092809879543e-01 1.111200572747317360e-03 2.444297098558047554e-01 3.966702960257489918e-02 4.902930237864241425e-01
8.381757015621989909e-03 4.800742624339309206e-01 3.033357678831000714e-01 8.977154518671077998e-02 6.724796657068642380e-01 1.225409914928749622e+00 1.995664000432052498e-01 4.435513457695459683e-01 3.327592304294649250e-02 3.901201726004732140e-01
1.170178928959625386e+00 7.585733223501549549e-01 3.943923801781838434e-01 1.513053145831422808e-01 3.714979331988168543e-01 1.216627169064127045e+00 2.884265885271563579e-01 5.590716787845674274e-01 5.282441495658114494e-01 5.235459378561466703e-01
2.289807245999704755e+00 2.022837134441544560e+00 4.190361621799009728e-01 1.889094440988436374e-01 1.837161078672512993e+00 2.377082955185368718e+00 7.411180402239461174e-01 5.335906858272576603e-01 3.586837469355279584e-01 1.864789726490546418e+00
1.825704251557634050e+00 1.152878993182963052e-01 2.451894393344329903e-01 6.066850634273020237e-02 1.131452993764155535e+00 3.317109834734140450e-01 7.753359949566746012e-02 4.645692104096659641e-02 8.207569941063212748e-02 1.443964877094058852e-01
9.972246056713697238e-01 8.677712963268581492e-02 3.461004428028143787e-01 1.499964435423145614e-01 1.518183764252798662e+00 9.381774870503262198e-02 1.347134035338064528e-01 4.216462058051067552e-01 7.697147163948903081e-02 1.168673442568387011e-01
1.163446508482030850e-01 1.137216744272737945e-01 3.426035421309611140e-01 1.545241032871177145e-01 1.233774246994396417e+00 1.571056669051517918e-01 2.226223540462298478e-01 3.017891980099918214e-02 3.438396591827772714e-02 4.191793988503401125e-01
8.200746164764782797e-01 6.482257689183689164e-01 3.273530186155387267e-01 1.268555937075637741e-01 9.812330389347541093e-01 2.402942651003776020e-01 1.321246651898393869e-03 8.812690827557964068e-01 2.678065500450313441e-01 3.597081988233980510e-01
9.990203708604060706e-01 6.020505682645574952e-01 1.768008654836008831e-01 2.841876013848646312e-02 5.240847170980194036e-01 1.187940420965512452e-02 8.795252141012535052e-01 2.066753512157053496e+00 2.237944334738375396e+00 5.358081920697305156e-01
9.567977992347080907e-01 1.366137188474849884e+00 1.531631902558754921e-01 2.129019523580660128e-02 8.219761430452931020e-03 1.014337534790229256e+00 1.904269990544469049e-01 2.026308956387262716e-01 5.217904662133026061e-01 1.428193688823572449e+00
8.159559123281979742e-01 4.800987841681224055e-01 2.325536977326440602e-01 5.235860393912074306e-02 2.095131112822259112e-01 8.771299960290785958e-01 1.353147629625515991e-02 3.239229634670381386e-01 3.996966387365787771e-02 4.286596485567424342e-01
7.781989035997322751e-03 3.039140175548630252e-01 2.725117511050472729e-01 8.081757452513887996e-02 6.385470945565820955e-01 1.804343965960489626e+00 1.852687634056973398e-01 1.356237829743565937e-01 3.526952190087442179e-02 2.477329534655907939e-01
1.076975229371784915e+00 1.670217926167909539e-01 3.546986410290595693e-01 1.365257953289861770e-01 3.348563752925808878e-01 1.824138600748433703e+00 2.943711273879722201e-01 5.947693838815863721e-02 4.946343445922476989e-01 6.784796010094243206e-03
2.053857576206060465e+00 1.425235045104387366e+00 3.768638519047413094e-01 1.704680495415317465e-01 1.832761609101493550e+00 2.207265353441690170e+00 7.200413393262173889e-01 5.417087148597081736e-01 3.215169474933010640e-01 1.297121392909690973e+00
1.638023655705877379e+00 1.251067086445753207e-01 2.205205577646699722e-01 5.474886216504212116e-02 1.160468779828464081e+00 1.010889745234608394e+00 6.708435562711539957e-02 4.759915834199643925e-01 6.858775830143595820e-02 1.497912130071826498e-01
8.651205776392800750e-01 3.363007743691344698e-01 3.112740631951913528e-01 1.353622475495034616e-01 1.482430925490081375e+00 7.616853412355045760e-02 1.277998461406361086e-01 4.180536964853923121e-01 4.519726871394572076e-02 3.509517299509558041e-01
4.322813870211746762e-02 1.160255014946825480e-01 3.081252429155176276e-01 1.394495881580592733e-01 1.216110740019575642e+00 3.430023785219797339e-01 2.060801812505342612e-01 5.089938652397855146e-01 6.223206675931212267e-02 3.880250122161693072e-01
8.582132794266355003e-01 1.828444414992993761e-01 2.944074384705022696e-01 1.144825426690170983e-01 9.687284121727004482e-01 1.912456888527415133e-01 5.757388158482949075e-02 2.117738893993875021e-02 2.445214107904718215e-01 6.353703531639794955e-01
9.018258202056269601e-01 2.856941697060774388e+00 1.445790936301432350e-01 2.365589927401008652e-02 1.793875901500429915e-01 3.982453786291928477e-01 1.663221177937806161e-01 8.002339744058387661e-01 4.807663479333848522e-01 2.745497172482838533e+00
8.241727387738748689e-01 4.099046561559951951e-01 2.095916547431952437e-01 4.747553649857673419e-02 2.887573388162986143e-01 1.163414722882054830e+00 1.642081234321922725e-02 5.654220705093132571e-02 4.387357894868956429e-03 4.258381420126292061e-01
1.758964719668068832e-01 6.603025595481075705e-01 2.452247348328015220e-01 7.295049093786176719e-02 6.085711999509677561e-01 1.214676229616566516e+00 1.717786991661913454e-01 4.152982777815840687e-01 5.094404403621378280e-02 6.758889598590194225e-01
7.796069696878825672e-01 1.519568061575201634e-01 3.191513195491204047e-01 1.232184392544361101e-01 1.977742902454312057e+00 3.098099515683469196e+00 7.043644984796026964e-01 2.733915191297975333e+00 3.925816781858988858e+00 1.757059817545600700e+00
4.505357899727301607e+00 8.333408413033036588e-01 3.896258042329076243e+00 2.814791244511352986e+00 9.619774726702946532e-01 8.407595995414006707e-01 6.204011512996835620e+00 5.159046881268558593e+00 2.472008341131199938e+00 1.988377201027952568e+00
9.564011782863803823e-01 1.290848347523315121e-01 4.622323597932606054e-01 2.599060166437912600e-01 1.428058810132013079e+00 5.439711408087125610e-01 4.584530170659860127e-01 4.837331072469581716e-01 1.823903449367285934e-01 6.158258593648205381e-02
1.060086488090380141e-01 6.840318108375877948e-01 2.836667694290886388e-01 1.321588003074117001e-01 1.221147550256826753e+00 8.919461154725522034e-02 2.320101095083637599e-01 3.096079751646422240e-01 1.667523013289248443e-02 3.801711121199605192e-01
6.047422927860445219e-01 7.143313878968146069e-01 2.626563302435623859e-01 1.031623083261137552e-01 9.522193929444268123e-01 2.028476713463105152e-01 1.754688651757119319e-03 9.220761546918231355e-01 2.887926754497954218e-01 1.016693243294956917e+00
7.266862988686555447e-01 1.018156681322685220e+00 1.287881350427768912e-01 2.126320271543085533e-02 5.204370865717372618e-01 9.985359751599719169e-03 8.450671685553652335e-01 2.137633916967251579e+00 2.196475559509770026e+00 2.182528276407120493e-01
6.780146100332110626e-01 1.445115089250561313e+00 1.104884977481684905e-01 1.555927086796853216e-02 3.235764883144387483e-02 5.787738979726321231e-01 1.266293806067523287e-01 5.581318343154615391e-01 5.374342397211393507e-01 1.445719333321920264e+00
6.607331404166891797e-01 2.972104588541363279e-01 1.856829938729894491e-01 4.236132687964840049e-02 2.045629186651738152e-01 1.295166934978479345e+00 4.763837593727592024e-02 1.031820774769492410e-01 1.508656336290836036e-02 3.054659428081404338e-01
5.512200075411729898e-03 4.664277045345733286e-01 2.182731400333527971e-01 6.551605019761964910e-02 5.438755076203345418e-01 2.172749679156527947e+00 7.391306905011453543e-02 3.325579946582029600e-01 1.378599150772089922e-02 4.701597088698759586e-01
8.536539502689117764e-01 3.872383934093241442e-01 2.841256176645651221e-01 1.106842723169133430e-01 2.973041756711526373e-01 1.616473347935505345e+00 7.244062230073834430e-01 5.565234835655092915e-01 6.466828926565456603e-01 6.195967601197276409e-01
1.800884947750526655e+00 1.683353564925503809e+00 3.338532601851160742e-01 1.529458392487188234e-01 1.822870772190029021e+00 2.240153561080959754e+00 9.321672694769874701e-01 7.944091932796373268e-01 2.929326675533873159e-01 1.686787595597441625e+00
1.440929345369449166e+00 2.606144301468217850e-01 1.962186412266898605e-01 4.929171214488534819e-02 1.183283217204626370e+00 4.253516080794308984e-01 1.058211560568736616e-02 3.451310741643480104e-03 1.563125988066350891e-02 2.244687679324079699e-01
6.298175704267663377e-01 5.775669708621131715e-01 2.503450842980289859e-01 1.099967663868796075e-01 1.390055972898903258e+00 5.474151088181199443e-01 1.409760624884392466e-01 1.792457784900174100e-01 9.757273898038798174e-03 5.203539927528104680e-01
1.494300869959706013e-01 2.562786922253916244e-01 2.468884401089710690e-01 1.130780438955297784e-01 1.203652897147405421e+00 2.451213355633386215e-01 2.007337930448567509e-01 4.092933999573012023e-03 1.613806437810220151e-01 1.456758265845874145e-02
9.075061053280010226e-01 4.987017799303181120e-01 2.358496612204108167e-01 9.282466598722192985e-02 9.510263795272483334e-01 1.978561255821535969e-01 7.031424091468864435e-02 3.155432369072982968e-01 1.392305821999157145e-01 7.744761001501787590e-01
6.675247590922838148e-01 1.262431717188821356e-01 1.054253669416816142e-01 1.772799960968290262e-02 1.902197237010830599e-01 1.102607495661468207e+00 1.020117674367062993e-01 4.874914504563448298e-02 4.880833669743595560e-01 7.442988570734868428e-03
4.963303935322213034e-01 1.736272274945958038e-01 1.674011051232671965e-01 3.842613645841136405e-02 2.833788129586624627e-01 1.489755528943443874e+00 3.404745202961351191e-02 2.927248226514889695e-01 7.888050113105318784e-02 1.284683422862725466e-01
1.901094215420545686e-01 5.011634899542179999e-01 1.964470459444131456e-01 5.915561810492871858e-02 5.206322853020221020e-01 1.902748293725575524e+00 7.806459140883616199e-02 1.065008710532224512e-01 1.317956463558362101e-01 4.355324970989700728e-01
1.056903567563483692e+00 3.401591208701293390e-01 2.556924703967047297e-01 9.992447711019016021e-02 2.681211429105353483e-01 1.486625106915229422e+00 7.153754414395060435e-01 6.845302640459312027e-01 7.379878817903708921e-01 1.069429144292374373e-01
1.624193348931449732e+00 2.358067057018639279e+00 3.004344530251801260e-01 1.380764532914769693e-01 1.818457628099696688e+00 1.916021337272584280e+00 8.376773469077386514e-01 7.563354864888088835e-01 2.697338952495159092e-01 2.175328722053777142e+00
1.300376090744833402e+00 4.129485953813398502e-02 1.765805861267082111e-01 4.450085804975464215e-02 1.205871866821806915e+00 6.130559251354529282e-01 7.905493014341976807e-03 1.292869830514536411e-01 2.531520975086178071e-02 1.560441945079111582e-02
6.414066712221380140e-01 3.675422516094417613e-01 2.252892278324683528e-01 9.930640030351811642e-02 1.360402527537539541e+00 3.288637788203408463e-01 1.240423328074433951e-01 3.248370395943325772e-01 3.948633504370312186e-02 3.588746731981711235e-01
1.028524864668668160e-01 3.273502137722545946e-01 2.221782678808331968e-01 1.020888524219662336e-01 1.217745727886154761e+00 2.408724002679571707e-01 1.756139118092072682e-01 4.231461329381346337e-01 3.276847931482384114e-03 4.998055252031151086e-01
5.444101168119215295e-01 3.627083430524537938e-02 2.122447920968892343e-01 8.380478019786570532e-02 9.308520783116616126e-01 1.730069812909168780e-01 7.076454906102176701e-02 3.698233864362653334e-01 3.109155875115453549e-01 3.469192270216027718e-01
5.746602341288439275e-01 1.347749782743976055e-01 9.487892962342339698e-02 1.600594400758599545e-02 2.065441991075460948e-01 3.361550913089108583e-01 9.920164743109488592e-02 7.396410385932713494e-01 4.570263305238970175e-01 2.311584846061034287e-02
4.470155513898792510e-01 3.603955513416578493e-01 1.506583632624778069e-01 3.469448084288571932e-02 2.991520374569955343e-01 8.827708922358800114e-01 2.336342063944166561e-02 3.081677255271417226e-01 8.409804687059807549e-02 3.581514560361659383e-01
1.035334511260845892e-02 4.774847897633204830e-01 1.768015966749684198e-01 5.341197678161019313e-02 4.942431885802685554e-01 2.069415347372026037e+00 7.851793816715833818e-02 2.724006950800338944e-01 4.332099438127522129e-02 4.748157079104941003e-01
6.684151938767042278e-01 2.604797019567409166e-01 2.301205814278139972e-01 9.022312041794650073e-02 2.416779443572455444e-01 1.703246264500283269e+00 7.486379261219918702e-01 5.416230198365304949e-01 5.166185094288944235e-01 6.642718146561114867e-02
1.469832830391706979e+00 7.171444438880645311e-01 2.703823395538108576e-01 1.246706346831688711e-01 1.814451076136488039e+00 2.409177989712852241e+00 7.481888512401498881e-01 6.849352657798128963e-01 2.521148808417311704e-01 6.179090173445153100e-01
1.176976489705790829e+00 1.089123081115721675e-01 1.589209180805419008e-01 4.018132521871659035e-02 1.226103537374978014e+00 5.163172682738723651e-01 5.038113478947297934e-03 3.449075870680395201e-02 3.200429130805910322e-02 6.244778992705378451e-02
4.336905480346927022e-01 4.406987700075064018e-01 2.027585949135078391e-01 8.966769339625209334e-02 1.331314885294556882e+00 7.336856961876422334e-01 1.081293099303184402e-01 1.117498497815294090e-01 3.713272651906292937e-02 4.054572160366672340e-01
1.790673319200670743e-01 2.607419638122669969e-01 1.999594027830414456e-01 9.218066574538040514e-02 1.230194227247487948e+00 2.744943160984758546e-01 1.524704395721563632e-01 7.250782998863457285e-02 1.443396472521348561e-01 7.755953027489284612e-02
7.709144179203630820e-01 4.510859300154185791e-01 1.910205126639965001e-01 7.567202654372164050e-02 9.122976447986144155e-01 1.974452652279748421e-01 7.149840223739374612e-02 4.653707916746300244e-01 1.394006506721643113e-01 7.116437558787049866e-01
5.338127426755877591e-01 3.050060056039728629e+00 8.539541359089375394e-02 1.445314098918004664e-02 2.215555565159522955e-01 4.955061752466632385e-01 9.703872708889391130e-02 5.204813695605534640e-01 4.138162464508363669e-01 2.817315053181718376e+00
4.198440208804626872e-01 4.422009657897327944e-02 1.356028590752147156e-01 3.132941041342909155e-02 3.132096119688957958e-01 9.160395443255818781e-01 1.332990296748337924e-02 2.324300749554045753e-01 7.556119113817735822e-02 2.469734938139059310e-02
8.237320018491596507e-02 4.905273413860818388e-01 1.591360738501987337e-01 4.823237588835571632e-02 4.680813697195058687e-01 1.451215914415419306e+00 7.927802630918222293e-02 2.624517090448356682e-01 8.957141959741962700e-02 4.512250396435770194e-01
7.411805203089052441e-01 6.653547190602296935e-01 2.071270803091343482e-01 8.147438488488378816e-02 2.178387784422990969e-01 1.745350122473554144e+00 7.750711215388779163e-01 6.125601789327422830e-01 5.522586042411189444e-01 4.750412056636207914e-01
1.337059393329931289e+00 1.136974359112810973e+00 2.433624258080397118e-01 1.125813712329957333e-01 1.810820954761193757e+00 2.147186310086224292e+00 6.614637753254154484e-01 5.703785372697534051e-01 2.373635136772610232e-01 1.145242642742655637e+00
1.065830784092829830e+00 1.863672623019489716e-01 1.430429144363703220e-01 3.628580782337753607e-02 5.986447616499488422e-01 2.074025995369305875e+00 2.914110104653311328e+00 2.627482971040418835e+00 5.904946233514318799e-01 1.255169605030698854e+00
2.035596867932679022e+00 1.388401085310978500e-01 1.950889842459434309e+00 1.105331856504679022e+00 4.550312028210377058e-01 4.159203760505744696e-01 3.333486904135890376e-03 2.615421652014902204e-02 7.355082184180450344e-01 6.903488281573764984e-02
4.837212428499294142e-02 4.579670760474633534e-02 2.317804664534533821e+00 1.418940139311852588e+00 8.364366278317844072e-01 2.133874638490854125e-01 4.441911942151091086e-01 2.799276004055852862e-01 1.078528036649905042e-01 2.237215714650847564e-01
2.111254130955144692e+00 9.621579564579937904e-02 2.448852544122929409e+00 1.587147481343626598e+00 3.449136046247042731e-01 1.269176024479454733e-02 2.480046656437010721e+00 2.468505581546702299e+00 2.980843891237147658e-01 1.596487848295252698e+00
5.198667375534141710e-01 1.622150715975485546e+00 1.905958850821140582e-01 8.902686984194284336e-02 6.278769568549431579e-01 5.608655172674649192e-01 3.429366202575077904e-02 1.471342579816322660e-01 3.779552720819466805e-01 1.547357047775133720e+00
1.875038140195459668e-01 3.220950237283336931e-02 1.275908792665427227e-01 3.213485753559072733e-02 1.398804377933599852e-01 5.640521433061030931e-01 1.026178951642956264e-02 3.304477079944590640e-02 1.851541186420893881e-01 5.233569385663579265e-02
7.144039990511611427e-01 4.396689955806913352e-01 1.433367687281698888e-01 4.381359510646765792e-02 3.648626408344956551e-01 7.830581970316974338e-01 1.772606205378349120e+00 1.770074833693560556e+00 7.473638728484130467e-02 4.288451576085046124e-01
