1.508414441420880658e+00 2.500000000000000000e+01 5.600000000000000000e+01 1.200000000000000000e+01 1.000000000000000000e+00 1.669812202453613281e+00 1.000000000000000000e+00 1.688003540039062500e+00 1.508414441420880658e+00 2.500000000000000000e+01
6.084790458613044128e-01 -4.000000000000000000e+00 5.600000000000000000e+01 1.200000000000000000e+01 1.000000000000000000e+00 8.959054946899414062e-01 1.000000000000000000e+00 9.068965911865234375e-01 6.084790458613044128e-01 -4.000000000000000000e+00
-2.249838488898940614e-01 -4.000000000000000000e+00 5.600000000000000000e+01 1.200000000000000000e+01 1.000000000000000000e+00 1.631093025207519531e+00 1.000000000000000000e+00 1.641893386840820312e+00 -2.249838488898940614e-01 -4.000000000000000000e+00
-1.170938668086039414e+00 -4.000000000000000000e+00 5.600000000000000000e+01 1.200000000000000000e+01 0.000000000000000000e+00 4.918813705444335938e+00 0.000000000000000000e+00 0.000000000000000000e+00 -1.170938668086039414e+00 -4.000000000000000000e+00
-1.503301172127928353e+00 2.000000000000000000e+00 5.600000000000000000e+01 1.200000000000000000e+01 1.000000000000000000e+00 1.199698448181152344e+00 1.000000000000000000e+00 1.209282875061035156e+00 -1.503301172127928353e+00 2.000000000000000000e+00
-6.800648159626342393e-01 4.000000000000000000e+00 5.600000000000000000e+01 1.200000000000000000e+01 1.000000000000000000e+00 5.764007568359375000e-01 1.000000000000000000e+00 5.900859832763671875e-01 -6.800648159626342393e-01 4.000000000000000000e+00
3.477023119207453550e-01 4.000000000000000000e+00 5.600000000000000000e+01 1.200000000000000000e+01 1.000000000000000000e+00 1.663184165954589844e+00 1.000000000000000000e+00 1.674199104309082031e+00 3.477023119207453550e-01 4.000000000000000000e+00
1.232297899601465074e+00 8.000000000000000000e+00 5.600000000000000000e+01 1.200000000000000000e+01 1.000000000000000000e+00 0.000000000000000000e+00 1.000000000000000000e+00 3.657197952270507812e+00 1.232297899601465074e+00 8.000000000000000000e+00
1.493074633542024188e+00 -2.000000000000000000e+00 5.600000000000000000e+01 1.200000000000000000e+01 1.000000000000000000e+00 4.248857498168945312e-01 1.000000000000000000e+00 4.355907440185546875e-01 1.493074633542024188e+00 -2.000000000000000000e+00
7.465373167710120939e-01 -8.000000000000000000e+00 5.600000000000000000e+01 1.200000000000000000e+01 1.000000000000000000e+00 1.509094238281250000e+00 1.000000000000000000e+00 1.563811302185058594e+00 7.465373167710120939e-01 -8.000000000000000000e+00
-5.011003907093094512e-01 -8.000000000000000000e+00 5.600000000000000000e+01 1.200000000000000000e+01 1.000000000000000000e+00 1.006889343261718750e+00 1.000000000000000000e+00 1.024889945983886719e+00 -5.011003907093094512e-01 -8.000000000000000000e+00
-1.370356170511172866e+00 -8.000000000000000000e+00 5.600000000000000000e+01 1.200000000000000000e+01 0.000000000000000000e+00 4.534006118774414062e+00 0.000000000000000000e+00 0.000000000000000000e+00 -1.370356170511172866e+00 -8.000000000000000000e+00
-1.503301172127928353e+00 0.000000000000000000e+00 5.600000000000000000e+01 1.200000000000000000e+01 1.000000000000000000e+00 3.637075424194335938e-01 1.000000000000000000e+00 3.745079040527343750e-01 -1.503301172127928353e+00 0.000000000000000000e+00
-7.669903939428206474e-01 5.000000000000000000e+00 5.600000000000000000e+01 1.200000000000000000e+01 1.000000000000000000e+00 7.454156875610351562e-01 1.000000000000000000e+00 7.635116577148437500e-01 -7.669903939428206474e-01 5.000000000000000000e+00
2.403236567687504766e-01 8.000000000000000000e+00 5.600000000000000000e+01 1.200000000000000000e+01 1.000000000000000000e+00 1.010704040527343750e+00 1.000000000000000000e+00 1.056504249572753906e+00 2.403236567687504766e-01 8.000000000000000000e+00
1.063560012934044563e+00 5.000000000000000000e+00 5.600000000000000000e+01 1.200000000000000000e+01 1.000000000000000000e+00 0.000000000000000000e+00 1.000000000000000000e+00 3.914880752563476562e+00 1.063560012934044563e+00 5.000000000000000000e+00
1.493074633542024188e+00 -3.000000000000000000e+00 5.600000000000000000e+01 1.200000000000000000e+01 1.000000000000000000e+00 2.753973007202148438e-01 1.000000000000000000e+00 2.855062484741210938e-01 1.493074633542024188e+00 -3.000000000000000000e+00
5.880259686894958593e-01 -8.000000000000000000e+00 5.600000000000000000e+01 1.200000000000000000e+01 1.000000000000000000e+00 4.723787307739257812e-01 1.000000000000000000e+00 4.831790924072265625e-01 5.880259686894958593e-01 -8.000000000000000000e+00
-2.812298111123675559e-01 -8.000000000000000000e+00 5.600000000000000000e+01 1.200000000000000000e+01 1.000000000000000000e+00 1.838898658752441406e+00 1.000000000000000000e+00 1.857399940490722656e+00 -2.812298111123675559e-01 -8.000000000000000000e+00
-1.089126359398805199e+00 -8.000000000000000000e+00 5.600000000000000000e+01 1.200000000000000000e+01 0.000000000000000000e+00 4.542398452758789062e+00 0.000000000000000000e+00 0.000000000000000000e+00 -1.089126359398805199e+00 -8.000000000000000000e+00
-1.503301172127928353e+00 1.000000000000000000e+00 5.600000000000000000e+01 1.200000000000000000e+01 1.000000000000000000e+00 1.524901390075683594e+00 1.000000000000000000e+00 1.550006866455078125e+00 -1.503301172127928353e+00 1.000000000000000000e+00
-6.544984694978736028e-01 8.000000000000000000e+00 5.600000000000000000e+01 1.200000000000000000e+01 1.000000000000000000e+00 1.694297790527343750e+00 1.000000000000000000e+00 1.712298393249511719e+00 -6.544984694978736028e-01 8.000000000000000000e+00
1.227184630308512936e-01 7.000000000000000000e+00 5.600000000000000000e+01 1.200000000000000000e+01 1.000000000000000000e+00 1.761579513549804688e+00 1.000000000000000000e+00 1.779794692993164062e+00 1.227184630308512936e-01 7.000000000000000000e+00
8.130098175793898374e-01 6.000000000000000000e+00 5.600000000000000000e+01 1.200000000000000000e+01 1.000000000000000000e+00 0.000000000000000000e+00 1.000000000000000000e+00 3.515410423278808594e+00 8.130098175793898374e-01 6.000000000000000000e+00
1.503301172127928353e+00 1.000000000000000000e+01 5.600000000000000000e+01 1.200000000000000000e+01 1.000000000000000000e+00 9.882926940917968750e-01 1.000000000000000000e+00 9.994029998779296875e-01 1.503301172127928353e+00 1.000000000000000000e+01
3.630421197996017701e-01 -2.000000000000000000e+00 5.600000000000000000e+01 1.200000000000000000e+01 1.000000000000000000e+00 1.183891296386718750e+00 1.000000000000000000e+00 1.201605796813964844e+00 3.630421197996017701e-01 -2.000000000000000000e+00
-4.704207749515966763e-01 -1.000000000000000000e+00 5.700000000000000000e+01 1.200000000000000000e+01 0.000000000000000000e+00 3.522706031799316406e+00 0.000000000000000000e+00 0.000000000000000000e+00 -4.704207749515966763e-01 -1.000000000000000000e+00
-1.503301172127928353e+00 0.000000000000000000e+00 5.700000000000000000e+01 1.200000000000000000e+01 1.000000000000000000e+00 8.335113525390625000e-01 1.000000000000000000e+00 8.443117141723632812e-01 -1.503301172127928353e+00 0.000000000000000000e+00
-6.749515466696821564e-01 5.000000000000000000e+00 5.700000000000000000e+01 1.200000000000000000e+01 1.000000000000000000e+00 1.539301872253417969e+00 1.000000000000000000e+00 1.550102233886718750e+00 -6.749515466696821564e-01 5.000000000000000000e+00
2.505501953546547256e-01 4.000000000000000000e+00 5.600000000000000000e+01 1.200000000000000000e+01 1.000000000000000000e+00 1.600503921508789062e+00 1.000000000000000000e+00 1.618599891662597656e+00 2.505501953546547256e-01 4.000000000000000000e+00
1.022653858590427456e+00 4.000000000000000000e+00 5.600000000000000000e+01 1.200000000000000000e+01 1.000000000000000000e+00 0.000000000000000000e+00 1.000000000000000000e+00 4.565310478210449219e+00 1.022653858590427456e+00 4.000000000000000000e+00
1.493074633542024188e+00 -3.000000000000000000e+00 5.600000000000000000e+01 1.200000000000000000e+01 1.000000000000000000e+00 9.840965270996093750e-01 1.000000000000000000e+00 1.002001762390136719e+00 1.493074633542024188e+00 -3.000000000000000000e+00
7.005178931344427928e-01 -1.200000000000000000e+01 5.600000000000000000e+01 1.200000000000000000e+01 1.000000000000000000e+00 1.515293121337890625e+00 1.000000000000000000e+00 1.533508300781250000e+00 7.005178931344427928e-01 -1.200000000000000000e+01
-7.363107781851078171e-01 -8.000000000000000000e+00 5.600000000000000000e+01 1.200000000000000000e+01 0.000000000000000000e+00 1.208806037902832031e+00 1.000000000000000000e+00 1.226592063903808594e+00 -7.363107781851078171e-01 -8.000000000000000000e+00
-1.518640980006784824e+00 -8.000000000000000000e+00 5.600000000000000000e+01 1.200000000000000000e+01 0.000000000000000000e+00 4.433417320251464844e+00 0.000000000000000000e+00 0.000000000000000000e+00 -1.518640980006784824e+00 -8.000000000000000000e+00
-1.503301172127928353e+00 0.000000000000000000e+00 5.600000000000000000e+01 1.200000000000000000e+01 1.000000000000000000e+00 1.385784149169921875e+00 1.000000000000000000e+00 1.403689384460449219e+00 -1.503301172127928353e+00 0.000000000000000000e+00
8.181230868723420313e-01 0.000000000000000000e+00 5.600000000000000000e+01 1.200000000000000000e+01 1.000000000000000000e+00 0.000000000000000000e+00 1.000000000000000000e+00 4.872298240661621094e+00 8.181230868723420313e-01 0.000000000000000000e+00
1.493074633542024188e+00 1.700000000000000000e+01 5.600000000000000000e+01 1.200000000000000000e+01 1.000000000000000000e+00 1.340985298156738281e+00 1.000000000000000000e+00 1.359081268310546875e+00 1.493074633542024188e+00 1.700000000000000000e+01
-5.215534678811180047e-01 -8.000000000000000000e+00 5.600000000000000000e+01 1.200000000000000000e+01 0.000000000000000000e+00 1.316189765930175781e+00 1.000000000000000000e+00 1.327180862426757812e+00 -5.215534678811180047e-01 -8.000000000000000000e+00
-1.513527710713832741e+00 2.100000000000000000e+01 5.600000000000000000e+01 1.200000000000000000e+01 0.000000000000000000e+00 4.497599601745605469e+00 0.000000000000000000e+00 0.000000000000000000e+00 -1.513527710713832741e+00 2.100000000000000000e+01
-1.503301172127928353e+00 0.000000000000000000e+00 5.700000000000000000e+01 1.200000000000000000e+01 1.000000000000000000e+00 2.003908157348632812e-01 1.000000000000000000e+00 2.104997634887695312e-01 -1.503301172127928353e+00 0.000000000000000000e+00
1.155598860207183165e+00 4.000000000000000000e+00 5.700000000000000000e+01 1.200000000000000000e+01 1.000000000000000000e+00 0.000000000000000000e+00 1.000000000000000000e+00 4.499697685241699219e+00 1.155598860207183165e+00 4.000000000000000000e+00
1.493074633542024188e+00 0.000000000000000000e+00 5.700000000000000000e+01 1.200000000000000000e+01 1.000000000000000000e+00 2.640008926391601562e-01 1.000000000000000000e+00 3.124952316284179688e-01 1.493074633542024188e+00 0.000000000000000000e+00
7.925567404075812838e-01 -4.000000000000000000e+00 5.700000000000000000e+01 1.200000000000000000e+01 0.000000000000000000e+00 4.268789291381835938e+00 0.000000000000000000e+00 0.000000000000000000e+00 7.925567404075812838e-01 -4.000000000000000000e+00
-1.503301172127928353e+00 2.000000000000000000e+00 5.700000000000000000e+01 1.200000000000000000e+01 1.000000000000000000e+00 1.701498031616210938e+00 1.000000000000000000e+00 1.710987091064453125e+00 -1.503301172127928353e+00 2.000000000000000000e+00
-6.851780852555864332e-01 5.000000000000000000e+00 5.700000000000000000e+01 1.200000000000000000e+01 1.000000000000000000e+00 2.650022506713867188e-01 1.000000000000000000e+00 2.750873565673828125e-01 -6.851780852555864332e-01 5.000000000000000000e+00
1.176051937378991691e-01 4.000000000000000000e+00 5.700000000000000000e+01 1.200000000000000000e+01 1.000000000000000000e+00 1.671910285949707031e+00 1.000000000000000000e+00 1.690697669982910156e+00 1.176051937378991691e-01 4.000000000000000000e+00
8.692557798018634152e-01 4.000000000000000000e+00 5.700000000000000000e+01 1.200000000000000000e+01 1.000000000000000000e+00 0.000000000000000000e+00 1.000000000000000000e+00 3.493690490722656250e+00 8.692557798018634152e-01 4.000000000000000000e+00
1.508414441420880658e+00 3.300000000000000000e+01 5.700000000000000000e+01 1.200000000000000000e+01 1.000000000000000000e+00 1.553082466125488281e+00 1.000000000000000000e+00 1.570987701416015625e+00 1.508414441420880658e+00 3.300000000000000000e+01
7.874434711146292010e-01 -8.000000000000000000e+00 5.700000000000000000e+01 1.200000000000000000e+01 1.000000000000000000e+00 4.997968673706054688e-01 1.000000000000000000e+00 5.107879638671875000e-01 7.874434711146292010e-01 -8.000000000000000000e+00
5.113269292952137696e-02 -8.000000000000000000e+00 5.700000000000000000e+01 1.200000000000000000e+01 1.000000000000000000e+00 2.713918685913085938e-01 1.000000000000000000e+00 2.820968627929687500e-01 5.113269292952137696e-02 -8.000000000000000000e+00
-6.749515466696821564e-01 -8.000000000000000000e+00 5.700000000000000000e+01 1.200000000000000000e+01 1.000000000000000000e+00 3.750801086425781250e-01 1.000000000000000000e+00 3.858804702758789062e-01 -6.749515466696821564e-01 -8.000000000000000000e+00
-1.436828671319550610e+00 -8.000000000000000000e+00 5.700000000000000000e+01 1.200000000000000000e+01 0.000000000000000000e+00 3.987908363342285156e+00 0.000000000000000000e+00 0.000000000000000000e+00 -1.436828671319550610e+00 -8.000000000000000000e+00
-1.503301172127928353e+00 0.000000000000000000e+00 5.700000000000000000e+01 1.200000000000000000e+01 1.000000000000000000e+00 1.234602928161621094e+00 1.000000000000000000e+00 1.252603530883789062e+00 -1.503301172127928353e+00 0.000000000000000000e+00
-6.187055844472086896e-01 4.000000000000000000e+00 5.700000000000000000e+01 1.200000000000000000e+01 1.000000000000000000e+00 1.504993438720703125e+00 1.000000000000000000e+00 1.522994041442871094e+00 -6.187055844472086896e-01 4.000000000000000000e+00
1.994175024251333694e-01 8.000000000000000000e+00 5.700000000000000000e+01 1.200000000000000000e+01 1.000000000000000000e+00 1.404786109924316406e+00 1.000000000000000000e+00 1.478004455566406250e+00 1.994175024251333694e-01 8.000000000000000000e+00
9.561813577820497123e-01 4.000000000000000000e+00 5.700000000000000000e+01 1.200000000000000000e+01 1.000000000000000000e+00 0.000000000000000000e+00 1.000000000000000000e+00 4.707503318786621094e+00 9.561813577820497123e-01 4.000000000000000000e+00
1.493074633542024188e+00 2.500000000000000000e+01 5.700000000000000000e+01 1.200000000000000000e+01 1.000000000000000000e+00 8.234977722167968750e-01 1.000000000000000000e+00 8.405923843383789062e-01 1.493074633542024188e+00 2.500000000000000000e+01
7.005178931344427928e-01 -4.000000000000000000e+00 5.700000000000000000e+01 1.200000000000000000e+01 1.000000000000000000e+00 4.557847976684570312e-01 1.000000000000000000e+00 4.826784133911132812e-01 7.005178931344427928e-01 -4.000000000000000000e+00
-1.994175024251333694e-01 -2.000000000000000000e+00 5.700000000000000000e+01 1.200000000000000000e+01 1.000000000000000000e+00 7.287025451660156250e-01 1.000000000000000000e+00 7.386922836303710938e-01 -1.994175024251333694e-01 -2.000000000000000000e+00
-1.186278475964895884e+00 -1.000000000000000000e+00 5.700000000000000000e+01 1.200000000000000000e+01 0.000000000000000000e+00 4.933619499206542969e+00 0.000000000000000000e+00 0.000000000000000000e+00 -1.186278475964895884e+00 -1.000000000000000000e+00
-1.503301172127928353e+00 0.000000000000000000e+00 5.700000000000000000e+01 1.200000000000000000e+01 1.000000000000000000e+00 1.622700691223144531e+00 1.000000000000000000e+00 1.640796661376953125e+00 -1.503301172127928353e+00 0.000000000000000000e+00
-6.544984694978736028e-01 7.000000000000000000e+00 5.700000000000000000e+01 1.200000000000000000e+01 1.000000000000000000e+00 1.702904701232910156e+00 1.000000000000000000e+00 1.713800430297851562e+00 -6.544984694978736028e-01 7.000000000000000000e+00
1.943042331321812310e-01 1.000000000000000000e+01 5.700000000000000000e+01 1.200000000000000000e+01 1.000000000000000000e+00 5.997180938720703125e-01 1.000000000000000000e+00 6.330966949462890625e-01 1.943042331321812310e-01 1.000000000000000000e+01
9.868609735397625427e-01 7.000000000000000000e+00 5.700000000000000000e+01 1.200000000000000000e+01 1.000000000000000000e+00 0.000000000000000000e+00 1.000000000000000000e+00 4.075384140014648438e+00 9.868609735397625427e-01 7.000000000000000000e+00
1.493074633542024188e+00 1.200000000000000000e+01 5.700000000000000000e+01 1.200000000000000000e+01 1.000000000000000000e+00 1.385998725891113281e+00 1.000000000000000000e+00 1.405906677246093750e+00 1.493074633542024188e+00 1.200000000000000000e+01
5.522330836388308350e-01 -5.000000000000000000e+00 5.700000000000000000e+01 1.200000000000000000e+01 1.000000000000000000e+00 1.066684722900390625e+00 1.000000000000000000e+00 1.077699661254882812e+00 5.522330836388308350e-01 -5.000000000000000000e+00
-2.454369260617025872e-01 -8.000000000000000000e+00 5.700000000000000000e+01 1.200000000000000000e+01 1.000000000000000000e+00 9.814977645874023438e-01 1.000000000000000000e+00 9.925842285156250000e-01 -2.454369260617025872e-01 -8.000000000000000000e+00
-1.211844822429656521e+00 -5.000000000000000000e+00 5.700000000000000000e+01 1.200000000000000000e+01 0.000000000000000000e+00 3.812503814697265625e+00 0.000000000000000000e+00 0.000000000000000000e+00 -1.211844822429656521e+00 -5.000000000000000000e+00
-1.503301172127928353e+00 0.000000000000000000e+00 5.700000000000000000e+01 1.200000000000000000e+01 1.000000000000000000e+00 1.431107521057128906e+00 1.000000000000000000e+00 1.441907882690429688e+00 -1.503301172127928353e+00 0.000000000000000000e+00
-5.982525072754001361e-01 0.000000000000000000e+00 5.700000000000000000e+01 1.200000000000000000e+01 1.000000000000000000e+00 3.773927688598632812e-01 1.000000000000000000e+00 3.875970840454101562e-01 -5.982525072754001361e-01 0.000000000000000000e+00
3.937217355573146005e-01 0.000000000000000000e+00 5.700000000000000000e+01 1.200000000000000000e+01 1.000000000000000000e+00 2.578020095825195312e-01 1.000000000000000000e+00 2.681970596313476562e-01 3.937217355573146005e-01 0.000000000000000000e+00
1.181165206671943801e+00 0.000000000000000000e+00 5.700000000000000000e+01 1.200000000000000000e+01 1.000000000000000000e+00 0.000000000000000000e+00 1.000000000000000000e+00 3.530097007751464844e+00 1.181165206671943801e+00 0.000000000000000000e+00
1.493074633542024188e+00 0.000000000000000000e+00 5.700000000000000000e+01 1.200000000000000000e+01 1.000000000000000000e+00 8.142948150634765625e-01 1.000000000000000000e+00 8.249998092651367188e-01 1.493074633542024188e+00 0.000000000000000000e+00
7.516505860639641767e-01 0.000000000000000000e+00 5.700000000000000000e+01 1.200000000000000000e+01 1.000000000000000000e+00 9.827852249145507812e-01 1.000000000000000000e+00 1.017785072326660156e+00 7.516505860639641767e-01 0.000000000000000000e+00
-2.045307717180855009e-02 -4.000000000000000000e+00 5.700000000000000000e+01 1.200000000000000000e+01 1.000000000000000000e+00 4.991054534912109375e-01 1.000000000000000000e+00 5.090951919555664062e-01 -2.045307717180855009e-02 -4.000000000000000000e+00
-8.027832789934855606e-01 -4.000000000000000000e+00 5.700000000000000000e+01 1.200000000000000000e+01 0.000000000000000000e+00 1.655006408691406250e+00 1.000000000000000000e+00 1.673007011413574219e+00 -8.027832789934855606e-01 -4.000000000000000000e+00
-1.518640980006784824e+00 -3.000000000000000000e+00 5.700000000000000000e+01 1.200000000000000000e+01 0.000000000000000000e+00 4.032802581787109375e+00 0.000000000000000000e+00 0.000000000000000000e+00 -1.518640980006784824e+00 -3.000000000000000000e+00
-1.503301172127928353e+00 0.000000000000000000e+00 5.700000000000000000e+01 1.200000000000000000e+01 1.000000000000000000e+00 6.931066513061523438e-01 1.000000000000000000e+00 7.040023803710937500e-01 -1.503301172127928353e+00 0.000000000000000000e+00
-6.954046238414907100e-01 0.000000000000000000e+00 5.700000000000000000e+01 1.200000000000000000e+01 1.000000000000000000e+00 1.305913925170898438e+00 1.000000000000000000e+00 1.323914527893066406e+00 -6.954046238414907100e-01 0.000000000000000000e+00
1.073786551519948923e-01 1.000000000000000000e+00 5.700000000000000000e+01 1.200000000000000000e+01 1.000000000000000000e+00 8.554935455322265625e-01 1.000000000000000000e+00 8.749008178710937500e-01 1.073786551519948923e-01 1.000000000000000000e+00
9.101619341454805223e-01 4.000000000000000000e+00 5.700000000000000000e+01 1.200000000000000000e+01 1.000000000000000000e+00 0.000000000000000000e+00 1.000000000000000000e+00 4.588007926940917969e+00 9.101619341454805223e-01 4.000000000000000000e+00
1.493074633542024188e+00 4.000000000000000000e+00 5.700000000000000000e+01 1.200000000000000000e+01 1.000000000000000000e+00 1.109600067138671875e+00 1.000000000000000000e+00 1.120400428771972656e+00 1.493074633542024188e+00 4.000000000000000000e+00
7.823302018216770071e-01 0.000000000000000000e+00 5.700000000000000000e+01 1.200000000000000000e+01 1.000000000000000000e+00 5.789041519165039062e-01 1.000000000000000000e+00 5.970001220703125000e-01 7.823302018216770071e-01 0.000000000000000000e+00
7.669903939428206197e-02 -5.000000000000000000e+00 5.700000000000000000e+01 1.200000000000000000e+01 1.000000000000000000e+00 2.836942672729492188e-01 1.000000000000000000e+00 2.945899963378906250e-01 7.669903939428206197e-02 -5.000000000000000000e+00
-6.135923151542564957e-01 -2.000000000000000000e+00 5.700000000000000000e+01 1.200000000000000000e+01 1.000000000000000000e+00 1.259994506835937500e+00 1.000000000000000000e+00 1.277995109558105469e+00 -6.135923151542564957e-01 -2.000000000000000000e+00
-1.370356170511172866e+00 -1.000000000000000000e+00 5.700000000000000000e+01 1.200000000000000000e+01 0.000000000000000000e+00 3.736305236816406250e+00 0.000000000000000000e+00 0.000000000000000000e+00 -1.370356170511172866e+00 -1.000000000000000000e+00
-1.503301172127928353e+00 0.000000000000000000e+00 5.700000000000000000e+01 1.200000000000000000e+01 1.000000000000000000e+00 1.541590690612792969e+00 1.000000000000000000e+00 1.556992530822753906e+00 -1.503301172127928353e+00 0.000000000000000000e+00
-7.925567404075812838e-01 5.000000000000000000e+00 5.700000000000000000e+01 1.200000000000000000e+01 1.000000000000000000e+00 1.767611503601074219e+00 1.000000000000000000e+00 1.787614822387695312e+00 -7.925567404075812838e-01 5.000000000000000000e+00
-5.624596222247351535e-02 8.000000000000000000e+00 5.700000000000000000e+01 1.200000000000000000e+01 1.000000000000000000e+00 6.850957870483398438e-01 1.000000000000000000e+00 6.958961486816406250e-01 -5.624596222247351535e-02 8.000000000000000000e+00
6.954046238414907100e-01 4.000000000000000000e+00 5.700000000000000000e+01 1.200000000000000000e+01 1.000000000000000000e+00 0.000000000000000000e+00 1.000000000000000000e+00 1.095914840698242188e+00 6.954046238414907100e-01 4.000000000000000000e+00
1.421488863440694139e+00 4.000000000000000000e+00 5.700000000000000000e+01 1.200000000000000000e+01 1.000000000000000000e+00 0.000000000000000000e+00 1.000000000000000000e+00 4.744911193847656250e+00 1.421488863440694139e+00 4.000000000000000000e+00
1.493074633542024188e+00 0.000000000000000000e+00 5.700000000000000000e+01 1.200000000000000000e+01 1.000000000000000000e+00 1.144194602966308594e+00 1.000000000000000000e+00 1.154994964599609375e+00 1.493074633542024188e+00 0.000000000000000000e+00
8.130098175793898374e-01 -2.000000000000000000e+00 5.700000000000000000e+01 1.200000000000000000e+01 1.000000000000000000e+00 2.299070358276367188e-01 1.000000000000000000e+00 2.398967742919921875e-01 8.130098175793898374e-01 -2.000000000000000000e+00
1.022653858590427539e-01 -5.000000000000000000e+00 5.700000000000000000e+01 1.200000000000000000e+01 1.000000000000000000e+00 1.809501647949218750e+00 1.000000000000000000e+00 1.850199699401855469e+00 1.022653858590427539e-01 -5.000000000000000000e+00
-5.982525072754001361e-01 -5.000000000000000000e+00 5.700000000000000000e+01 1.200000000000000000e+01 1.000000000000000000e+00 2.985000610351562500e-01 1.000000000000000000e+00 3.084897994995117188e-01 -5.982525072754001361e-01 -5.000000000000000000e+00
-1.360129631925268479e+00 -1.000000000000000000e+00 5.700000000000000000e+01 1.200000000000000000e+01 0.000000000000000000e+00 3.710913658142089844e+00 0.000000000000000000e+00 0.000000000000000000e+00 -1.360129631925268479e+00 -1.000000000000000000e+00
-1.503301172127928353e+00 0.000000000000000000e+00 5.700000000000000000e+01 1.200000000000000000e+01 1.000000000000000000e+00 1.556992530822753906e+00 1.000000000000000000e+00 1.574897766113281250e+00 -1.503301172127928353e+00 0.000000000000000000e+00
-7.567638553569163706e-01 4.000000000000000000e+00 5.700000000000000000e+01 1.200000000000000000e+01 1.000000000000000000e+00 6.320953369140625000e-01 1.000000000000000000e+00 6.500005722045898438e-01 -7.567638553569163706e-01 4.000000000000000000e+00
1.022653858590427504e-02 4.000000000000000000e+00 5.700000000000000000e+01 1.200000000000000000e+01 1.000000000000000000e+00 1.000094413757324219e+00 1.000000000000000000e+00 1.018881797790527344e+00 1.022653858590427504e-02 4.000000000000000000e+00
7.465373167710120939e+00 1.100000000000000000e+01 5.700000000000000000e+01 1.200000000000000000e+01 1.000000000000000000e+00 0.000000000000000000e+00 1.000000000000000000e+00 4.392290115356445312e+00 7.465373167710120939e-01 1.100000000000000000e+01
1.493074633542024188e+01 1.100000000000000000e+01 5.700000000000000000e+01 1.200000000000000000e+01 1.000000000000000000e+00 3.005981445312500000e-01 1.000000000000000000e+00 3.108024597167968750e-01 1.493074633542024188e+00 1.100000000000000000e+01
7.721036632357726859e+00 -8.000000000000000000e+00 5.700000000000000000e+01 1.200000000000000000e+01 1.000000000000000000e+00 2.099990844726562500e-01 1.000000000000000000e+00 2.201080322265625000e-01 7.721036632357727303e-01 -8.000000000000000000e+00
5.113269292952137279e-01 -8.000000000000000000e+00 5.700000000000000000e+01 1.200000000000000000e+01 1.000000000000000000e+00 1.677703857421875000e+00 1.000000000000000000e+00 1.695704460144042969e+00 5.113269292952137696e-02 -8.000000000000000000e+00
-7.311975088921556676e+00 -4.000000000000000000e+00 5.700000000000000000e+01 1.200000000000000000e+01 0.000000000000000000e+00 3.409862518310546875e-01 1.000000000000000000e+00 3.511905670166015625e-01 -7.311975088921556232e-01 -4.000000000000000000e+00
-1.518640980006784780e+01 -8.000000000000000000e+00 5.700000000000000000e+01 1.200000000000000000e+01 0.000000000000000000e+00 4.458904266357421875e+00 0.000000000000000000e+00 0.000000000000000000e+00 -1.518640980006784824e+00 -8.000000000000000000e+00
-1.503301172127928353e+01 0.000000000000000000e+00 5.700000000000000000e+01 1.200000000000000000e+01 1.000000000000000000e+00 1.293301582336425781e+00 1.000000000000000000e+00 1.315116882324218750e+00 -1.503301172127928353e+00 0.000000000000000000e+00
-7.311975088921556676e+00 4.000000000000000000e+00 5.700000000000000000e+01 1.200000000000000000e+01 1.000000000000000000e+00 2.744913101196289062e-01 1.000000000000000000e+00 2.851963043212890625e-01 -7.311975088921556232e-01 4.000000000000000000e+00
4.601942363656923995e-01 8.000000000000000000e+00 5.700000000000000000e+01 1.200000000000000000e+01 1.000000000000000000e+00 2.418041229248046875e-01 1.000000000000000000e+00 2.524852752685546875e-01 4.601942363656923857e-02 8.000000000000000000e+00
7.823302018216770293e+00 8.000000000000000000e+00 5.700000000000000000e+01 1.200000000000000000e+01 1.000000000000000000e+00 0.000000000000000000e+00 1.000000000000000000e+00 3.774905204772949219e+00 7.823302018216770071e-01 8.000000000000000000e+00
1.508414441420880614e+01 3.300000000000000000e+01 5.700000000000000000e+01 1.200000000000000000e+01 1.000000000000000000e+00 1.774907112121582031e+00 1.000000000000000000e+00 1.855707168579101562e+00 1.508414441420880658e+00 3.300000000000000000e+01
7.721036632357726859e+00 0.000000000000000000e+00 5.700000000000000000e+01 1.200000000000000000e+01 1.000000000000000000e+00 6.336927413940429688e-01 1.000000000000000000e+00 6.516933441162109375e-01 7.721036632357727303e-01 0.000000000000000000e+00
5.113269292952137696e-02 0.000000000000000000e+00 5.700000000000000000e+01 1.200000000000000000e+01 1.000000000000000000e+00 1.694893836975097656e+00 1.000000000000000000e+00 1.712703704833984375e+00 5.113269292952137522e-03 0.000000000000000000e+00
-7.567638553569163484e+00 -2.000000000000000000e+00 5.700000000000000000e+01 1.200000000000000000e+01 0.000000000000000000e+00 2.898931503295898438e-01 1.000000000000000000e+00 3.008127212524414062e-01 -7.567638553569163706e-01 -2.000000000000000000e+00
-1.518640980006784780e+01 1.000000000000000000e+00 5.700000000000000000e+01 1.200000000000000000e+01 0.000000000000000000e+00 3.709602355957031250e+00 0.000000000000000000e+00 0.000000000000000000e+00 -1.518640980006784824e+00 1.000000000000000000e+00
-1.503301172127928353e+01 0.000000000000000000e+00 5.700000000000000000e+01 1.200000000000000000e+01 1.000000000000000000e+00 1.564788818359375000e+00 1.000000000000000000e+00 1.582789421081542969e+00 -1.503301172127928353e+00 0.000000000000000000e+00
-7.363107781851078393e+00 7.000000000000000000e+00 5.700000000000000000e+01 1.200000000000000000e+01 1.000000000000000000e+00 1.490998268127441406e+00 1.000000000000000000e+00 1.509094238281250000e+00 -7.363107781851078171e-01 7.000000000000000000e+00
7.669903939428206474e-01 7.000000000000000000e+00 5.700000000000000000e+01 1.200000000000000000e+01 1.000000000000000000e+00 8.044004440307617188e-01 1.000000000000000000e+00 8.151054382324218750e-01 7.669903939428206197e-02 7.000000000000000000e+00
8.590292412159591606e+00 6.000000000000000000e+00 5.700000000000000000e+01 1.200000000000000000e+01 1.000000000000000000e+00 0.000000000000000000e+00 1.000000000000000000e+00 4.542303085327148438e+00 8.590292412159591384e-01 6.000000000000000000e+00
1.508414441420880614e+01 2.300000000000000000e+01 5.700000000000000000e+01 1.200000000000000000e+01 1.000000000000000000e+00 7.071971893310546875e-01 1.000000000000000000e+00 7.251977920532226562e-01 1.508414441420880658e+00 2.300000000000000000e+01
7.465373167710120939e+00 -4.000000000000000000e+00 5.700000000000000000e+01 1.200000000000000000e+01 1.000000000000000000e+00 1.000404357910156250e+00 1.000000000000000000e+00 1.018404960632324219e+00 7.465373167710120939e-01 -4.000000000000000000e+00
-2.045307717180855078e-01 -4.000000000000000000e+00 5.700000000000000000e+01 1.200000000000000000e+01 1.000000000000000000e+00 1.302289962768554688e+00 1.000000000000000000e+00 1.313090324401855469e+00 -2.045307717180855009e-02 -4.000000000000000000e+00
-7.925567404075812838e+00 -4.000000000000000000e+00 5.700000000000000000e+01 1.200000000000000000e+01 0.000000000000000000e+00 1.404404640197753906e+00 1.000000000000000000e+00 1.431894302368164062e+00 -7.925567404075812838e-01 -4.000000000000000000e+00
-1.518640980006784780e+01 -5.000000000000000000e+00 5.700000000000000000e+01 1.200000000000000000e+01 0.000000000000000000e+00 4.386305809020996094e+00 0.000000000000000000e+00 0.000000000000000000e+00 -1.518640980006784824e+00 -5.000000000000000000e+00
-1.503301172127928353e+01 0.000000000000000000e+00 5.700000000000000000e+01 1.200000000000000000e+01 1.000000000000000000e+00 1.192212104797363281e+00 1.000000000000000000e+00 1.210212707519531250e+00 -1.503301172127928353e+00 0.000000000000000000e+00
-7.260842395992035847e+00 4.000000000000000000e+00 5.700000000000000000e+01 1.200000000000000000e+01 1.000000000000000000e+00 9.868860244750976562e-01 1.000000000000000000e+00 1.004600524902343750e+00 -7.260842395992035403e-01 4.000000000000000000e+00
3.579288505066496318e-01 7.000000000000000000e+00 5.700000000000000000e+01 1.200000000000000000e+01 1.000000000000000000e+00 1.577091217041015625e+00 1.000000000000000000e+00 1.587891578674316406e+00 3.579288505066496179e-02 7.000000000000000000e+00
7.669903939428206030e+00 3.000000000000000000e+00 5.700000000000000000e+01 1.200000000000000000e+01 1.000000000000000000e+00 0.000000000000000000e+00 1.000000000000000000e+00 4.805898666381835938e+00 7.669903939428206474e-01 3.000000000000000000e+00
1.508414441420880614e+01 3.300000000000000000e+01 5.700000000000000000e+01 1.200000000000000000e+01 1.000000000000000000e+00 1.714301109313964844e+00 1.000000000000000000e+00 1.732397079467773438e+00 1.508414441420880658e+00 3.300000000000000000e+01
7.721036632357726859e+00 -8.000000000000000000e+00 5.700000000000000000e+01 1.200000000000000000e+01 1.000000000000000000e+00 3.344058990478515625e-01 1.000000000000000000e+00 3.453016281127929688e-01 7.721036632357727303e-01 -8.000000000000000000e+00
0.000000000000000000e+00 -8.000000000000000000e+00 5.700000000000000000e+01 1.200000000000000000e+01 1.000000000000000000e+00 1.216006278991699219e+00 1.000000000000000000e+00 1.234292984008789062e+00 0.000000000000000000e+00 -8.000000000000000000e+00
-7.976700097005334555e+00 -8.000000000000000000e+00 5.700000000000000000e+01 1.200000000000000000e+01 0.000000000000000000e+00 1.113200187683105469e+00 1.000000000000000000e+00 1.210188865661621094e+00 -7.976700097005334777e-01 -8.000000000000000000e+00
-1.518640980006784780e+01 -8.000000000000000000e+00 5.700000000000000000e+01 1.200000000000000000e+01 0.000000000000000000e+00 4.464697837829589844e+00 0.000000000000000000e+00 0.000000000000000000e+00 -1.518640980006784824e+00 -8.000000000000000000e+00
-1.503301172127928353e+01 0.000000000000000000e+00 5.700000000000000000e+01 1.200000000000000000e+01 1.000000000000000000e+00 7.524967193603515625e-01 1.000000000000000000e+00 7.705926895141601562e-01 -1.503301172127928353e+00 0.000000000000000000e+00
-7.209709703062513242e+00 5.000000000000000000e+00 5.700000000000000000e+01 1.200000000000000000e+01 1.000000000000000000e+00 8.075952529907226562e-01 1.000000000000000000e+00 8.183956146240234375e-01 -7.209709703062513464e-01 5.000000000000000000e+00
3.579288505066496318e-01 7.000000000000000000e+00 5.700000000000000000e+01 1.200000000000000000e+01 1.000000000000000000e+00 1.764011383056640625e+00 1.000000000000000000e+00 1.782298088073730469e+00 3.579288505066496179e-02 7.000000000000000000e+00
8.130098175793898818e+00 7.000000000000000000e+00 5.700000000000000000e+01 1.200000000000000000e+01 1.000000000000000000e+00 0.000000000000000000e+00 1.000000000000000000e+00 4.037094116210937500e+00 8.130098175793898374e-01 7.000000000000000000e+00
1.508414441420880614e+01 3.200000000000000000e+01 5.700000000000000000e+01 1.200000000000000000e+01 1.000000000000000000e+00 4.358053207397460938e-01 1.000000000000000000e+00 4.466056823730468750e-01 1.508414441420880658e+00 3.200000000000000000e+01
7.465373167710120939e+00 -1.000000000000000000e+00 5.700000000000000000e+01 1.200000000000000000e+01 1.000000000000000000e+00 3.699064254760742188e-01 1.000000000000000000e+00 3.808021545410156250e-01 7.465373167710120939e-01 -1.000000000000000000e+00
0.000000000000000000e+00 -5.000000000000000000e+00 5.700000000000000000e+01 1.200000000000000000e+01 1.000000000000000000e+00 4.145145416259765625e-01 1.000000000000000000e+00 4.266977310180664062e-01 0.000000000000000000e+00 -5.000000000000000000e+00
-7.874434711146292010e+00 -1.000000000000000000e+00 5.700000000000000000e+01 1.200000000000000000e+01 0.000000000000000000e+00 1.133298873901367188e+00 1.000000000000000000e+00 1.158189773559570312e+00 -7.874434711146292010e-01 -1.000000000000000000e+00
-1.518640980006784780e+01 -1.000000000000000000e+00 5.700000000000000000e+01 1.200000000000000000e+01 0.000000000000000000e+00 4.584479331970214844e+00 0.000000000000000000e+00 0.000000000000000000e+00 -1.518640980006784824e+00 -1.000000000000000000e+00
-1.503301172127928353e+01 0.000000000000000000e+00 5.700000000000000000e+01 1.200000000000000000e+01 1.000000000000000000e+00 9.499073028564453125e-01 1.000000000000000000e+00 9.679079055786132812e-01 -1.503301172127928353e+00 0.000000000000000000e+00
-7.260842395992035847e+00 0.000000000000000000e+00 5.700000000000000000e+01 1.200000000000000000e+01 1.000000000000000000e+00 6.100893020629882812e-01 1.000000000000000000e+00 6.208896636962890625e-01 -7.260842395992035403e-01 0.000000000000000000e+00
4.090615434361710157e-01 4.000000000000000000e+00 5.700000000000000000e+01 1.200000000000000000e+01 1.000000000000000000e+00 1.411581039428710938e+00 1.000000000000000000e+00 1.485300064086914062e+00 4.090615434361710018e-02 4.000000000000000000e+00
7.874434711146292010e+00 4.000000000000000000e+00 5.700000000000000000e+01 1.200000000000000000e+01 1.000000000000000000e+00 0.000000000000000000e+00 1.000000000000000000e+00 3.731799125671386719e+00 7.874434711146292010e-01 4.000000000000000000e+00
1.508414441420880614e+01 2.800000000000000000e+01 5.700000000000000000e+01 1.200000000000000000e+01 1.000000000000000000e+00 1.676797866821289062e+00 1.000000000000000000e+00 1.694798469543457031e+00 1.508414441420880658e+00 2.800000000000000000e+01
7.158577010132992413e+00 -4.000000000000000000e+00 5.700000000000000000e+01 1.200000000000000000e+01 1.000000000000000000e+00 1.532196998596191406e+00 1.000000000000000000e+00 1.550102233886718750e+00 7.158577010132992635e-01 -4.000000000000000000e+00
-5.624596222247351118e-01 -8.000000000000000000e+00 5.700000000000000000e+01 1.200000000000000000e+01 1.000000000000000000e+00 1.699781417846679688e+00 1.000000000000000000e+00 1.743888854980468750e+00 -5.624596222247351535e-02 -8.000000000000000000e+00
-8.181230868723419647e+00 -4.000000000000000000e+00 5.700000000000000000e+01 1.200000000000000000e+01 0.000000000000000000e+00 6.829023361206054688e-01 1.000000000000000000e+00 6.954193115234375000e-01 -8.181230868723420313e-01 -4.000000000000000000e+00
-1.518640980006784780e+01 2.300000000000000000e+01 5.700000000000000000e+01 1.200000000000000000e+01 0.000000000000000000e+00 3.857898712158203125e+00 0.000000000000000000e+00 0.000000000000000000e+00 -1.518640980006784824e+00 2.300000000000000000e+01
-1.503301172127928353e+01 0.000000000000000000e+00 5.700000000000000000e+01 1.200000000000000000e+01 1.000000000000000000e+00 1.537799835205078125e+00 1.000000000000000000e+00 1.555681228637695312e+00 -1.503301172127928353e+00 0.000000000000000000e+00
-7.567638553569163484e+00 5.000000000000000000e+00 5.700000000000000000e+01 1.200000000000000000e+01 1.000000000000000000e+00 9.235858917236328125e-01 1.000000000000000000e+00 9.415864944458007812e-01 -7.567638553569163706e-01 5.000000000000000000e+00
3.579288505066496318e-01 8.000000000000000000e+00 5.700000000000000000e+01 1.200000000000000000e+01 1.000000000000000000e+00 1.467800140380859375e+00 1.000000000000000000e+00 1.485610008239746094e+00 3.579288505066496179e-02 8.000000000000000000e+00
7.669903939428206030e+00 8.000000000000000000e+00 5.700000000000000000e+01 1.200000000000000000e+01 1.000000000000000000e+00 0.000000000000000000e+00 1.000000000000000000e+00 4.163312911987304688e+00 7.669903939428206474e-01 8.000000000000000000e+00
1.503301172127928353e+01 3.400000000000000000e+01 5.700000000000000000e+01 1.200000000000000000e+01 1.000000000000000000e+00 1.644515991210937500e+00 1.000000000000000000e+00 1.662397384643554688e+00 1.503301172127928353e+00 3.400000000000000000e+01
7.158577010132992413e+00 -8.000000000000000000e+00 5.700000000000000000e+01 1.200000000000000000e+01 1.000000000000000000e+00 1.542186737060546875e+00 1.000000000000000000e+00 1.560091972351074219e+00 7.158577010132992635e-01 -8.000000000000000000e+00
-5.624596222247351118e-01 -8.000000000000000000e+00 5.700000000000000000e+01 1.200000000000000000e+01 1.000000000000000000e+00 1.406407356262207031e+00 1.000000000000000000e+00 1.487994194030761719e+00 -5.624596222247351535e-02 -8.000000000000000000e+00
-8.488027026300548172e+00 -8.000000000000000000e+00 5.700000000000000000e+01 1.200000000000000000e+01 0.000000000000000000e+00 5.642890930175781250e-01 1.000000000000000000e+00 5.822896957397460938e-01 -8.488027026300548616e-01 -8.000000000000000000e+00
-1.513527710713832697e+01 -2.400000000000000000e+01 5.700000000000000000e+01 1.200000000000000000e+01 0.000000000000000000e+00 4.457807540893554688e+00 0.000000000000000000e+00 0.000000000000000000e+00 -1.513527710713832741e+00 -2.400000000000000000e+01
-1.503301172127928353e+01 0.000000000000000000e+00 5.700000000000000000e+01 1.200000000000000000e+01 1.000000000000000000e+00 8.019924163818359375e-01 1.000000000000000000e+00 8.203029632568359375e-01 -1.503301172127928353e+00 0.000000000000000000e+00
-6.954046238414907322e+00 0.000000000000000000e+00 5.700000000000000000e+01 1.200000000000000000e+01 1.000000000000000000e+00 1.339507102966308594e+00 1.000000000000000000e+00 1.361012458801269531e+00 -6.954046238414907100e-01 0.000000000000000000e+00
1.022653858590427456e+00 0.000000000000000000e+00 5.700000000000000000e+01 1.200000000000000000e+01 1.000000000000000000e+00 8.576869964599609375e-01 1.000000000000000000e+00 8.759975433349609375e-01 1.022653858590427539e-01 0.000000000000000000e+00
9.101619341454805223e+00 0.000000000000000000e+00 5.700000000000000000e+01 1.200000000000000000e+01 1.000000000000000000e+00 0.000000000000000000e+00 1.000000000000000000e+00 4.402112960815429688e+00 9.101619341454805223e-01 0.000000000000000000e+00
1.493074633542024188e+01 1.500000000000000000e+01 5.700000000000000000e+01 1.200000000000000000e+01 1.000000000000000000e+00 1.663398742675781250e+00 1.000000000000000000e+00 1.681900024414062500e+00 1.493074633542024188e+00 1.500000000000000000e+01
6.902913545485384716e+00 -8.000000000000000000e+00 5.700000000000000000e+01 1.200000000000000000e+01 1.000000000000000000e+00 1.634621620178222656e+00 1.000000000000000000e+00 1.652812957763671875e+00 6.902913545485385161e-01 -8.000000000000000000e+00
-8.181230868723420313e-01 -8.000000000000000000e+00 5.700000000000000000e+01 1.200000000000000000e+01 1.000000000000000000e+00 4.482984542846679688e-01 1.000000000000000000e+00 4.589796066284179688e-01 -8.181230868723420036e-02 -8.000000000000000000e+00
-8.897088569736720132e+00 -4.000000000000000000e+00 5.700000000000000000e+01 1.200000000000000000e+01 0.000000000000000000e+00 4.575800895690917969e+00 0.000000000000000000e+00 0.000000000000000000e+00 -8.897088569736719688e-01 -4.000000000000000000e+00
-1.508414441420880614e+01 2.100000000000000000e+01 5.700000000000000000e+01 1.200000000000000000e+01 1.000000000000000000e+00 1.319694519042968750e+00 1.000000000000000000e+00 1.353096961975097656e+00 -1.508414441420880658e+00 2.100000000000000000e+01
-7.363107781851078393e+00 8.000000000000000000e+00 5.700000000000000000e+01 1.200000000000000000e+01 1.000000000000000000e+00 7.286071777343750000e-01 1.000000000000000000e+00 7.395029067993164062e-01 -7.363107781851078171e-01 8.000000000000000000e+00
6.135923151542564957e-01 8.000000000000000000e+00 5.700000000000000000e+01 1.200000000000000000e+01 1.000000000000000000e+00 1.638293266296386719e+00 1.000000000000000000e+00 1.656389236450195312e+00 6.135923151542564680e-02 8.000000000000000000e+00
8.130098175793898818e+00 1.000000000000000000e+00 5.700000000000000000e+01 1.200000000000000000e+01 1.000000000000000000e+00 0.000000000000000000e+00 1.000000000000000000e+00 3.592085838317871094e+00 8.130098175793898374e-01 1.000000000000000000e+00
1.508414441420880614e+01 3.500000000000000000e+01 5.700000000000000000e+01 1.200000000000000000e+01 1.000000000000000000e+00 1.663804054260253906e+00 1.000000000000000000e+00 1.681804656982421875e+00 1.508414441420880658e+00 3.500000000000000000e+01
7.158577010132992413e+00 -5.000000000000000000e+00 5.700000000000000000e+01 1.200000000000000000e+01 1.000000000000000000e+00 6.697893142700195312e-01 1.000000000000000000e+00 6.878852844238281250e-01 7.158577010132992635e-01 -5.000000000000000000e+00
-7.158577010132992635e-01 -4.000000000000000000e+00 5.700000000000000000e+01 1.200000000000000000e+01 1.000000000000000000e+00 1.269102096557617188e+00 1.000000000000000000e+00 1.287102699279785156e+00 -7.158577010132992358e-02 -4.000000000000000000e+00
-8.539159719230069001e+00 -8.000000000000000000e+00 5.700000000000000000e+01 1.200000000000000000e+01 0.000000000000000000e+00 4.576706886291503906e+00 0.000000000000000000e+00 0.000000000000000000e+00 -8.539159719230069445e-01 -8.000000000000000000e+00
-1.508414441420880614e+01 2.400000000000000000e+01 5.700000000000000000e+01 1.200000000000000000e+01 1.000000000000000000e+00 1.187705993652343750e+00 1.000000000000000000e+00 1.205706596374511719e+00 -1.508414441420880658e+00 2.400000000000000000e+01
-7.005178931344428150e+00 5.000000000000000000e+00 5.700000000000000000e+01 1.200000000000000000e+01 1.000000000000000000e+00 1.775503158569335938e+00 1.000000000000000000e+00 1.793384552001953125e+00 -7.005178931344427928e-01 5.000000000000000000e+00
9.715211656609061830e-01 4.000000000000000000e+00 5.700000000000000000e+01 1.200000000000000000e+01 1.000000000000000000e+00 1.040315628051757812e+00 1.000000000000000000e+00 1.058411598205566406e+00 9.715211656609061552e-02 4.000000000000000000e+00
9.050486648525282618e+00 4.000000000000000000e+00 5.700000000000000000e+01 1.200000000000000000e+01 1.000000000000000000e+00 0.000000000000000000e+00 1.000000000000000000e+00 4.509496688842773438e+00 9.050486648525283284e-01 4.000000000000000000e+00
1.498187902834976271e+01 3.300000000000000000e+01 5.700000000000000000e+01 1.200000000000000000e+01 1.000000000000000000e+00 1.654601097106933594e+00 1.000000000000000000e+00 1.665306091308593750e+00 1.498187902834976271e+00 3.300000000000000000e+01
6.902913545485384716e+00 2.000000000000000000e+00 5.700000000000000000e+01 1.200000000000000000e+01 1.000000000000000000e+00 1.457500457763671875e+00 1.000000000000000000e+00 1.475381851196289062e+00 6.902913545485385161e-01 2.000000000000000000e+00
-1.124919244449470224e+00 -2.000000000000000000e+00 5.700000000000000000e+01 1.200000000000000000e+01 1.000000000000000000e+00 1.352691650390625000e+00 1.000000000000000000e+00 1.370787620544433594e+00 -1.124919244449470307e-01 -2.000000000000000000e+00
-9.306150113172890315e+00 1.000000000000000000e+00 5.700000000000000000e+01 1.200000000000000000e+01 0.000000000000000000e+00 3.677392005920410156e+00 0.000000000000000000e+00 0.000000000000000000e+00 -9.306150113172890759e-01 1.000000000000000000e+00
-1.503301172127928353e+01 0.000000000000000000e+00 5.700000000000000000e+01 1.200000000000000000e+01 1.000000000000000000e+00 2.686023712158203125e-01 1.000000000000000000e+00 2.794981002807617188e-01 -1.503301172127928353e+00 0.000000000000000000e+00
-6.954046238414907322e+00 8.000000000000000000e+00 5.700000000000000000e+01 1.200000000000000000e+01 1.000000000000000000e+00 1.268601417541503906e+00 1.000000000000000000e+00 1.286816596984863281e+00 -6.954046238414907100e-01 8.000000000000000000e+00
7.669903939428206474e-01 7.000000000000000000e+00 5.700000000000000000e+01 1.200000000000000000e+01 1.000000000000000000e+00 1.215791702270507812e+00 1.000000000000000000e+00 1.226592063903808594e+00 7.669903939428206197e-02 7.000000000000000000e+00
8.539159719230069001e+00 6.000000000000000000e+00 5.700000000000000000e+01 1.200000000000000000e+01 1.000000000000000000e+00 0.000000000000000000e+00 1.000000000000000000e+00 3.625106811523437500e+00 8.539159719230069445e-01 6.000000000000000000e+00
1.508414441420880614e+01 1.000000000000000000e+01 5.700000000000000000e+01 1.200000000000000000e+01 1.000000000000000000e+00 1.658797264099121094e+00 1.000000000000000000e+00 1.677012443542480469e+00 1.508414441420880658e+00 1.000000000000000000e+01
7.414240474780599222e+00 -1.000000000000000000e+00 5.700000000000000000e+01 1.200000000000000000e+01 1.000000000000000000e+00 1.220989227294921875e+00 1.000000000000000000e+00 1.238894462585449219e+00 7.414240474780599000e-01 -1.000000000000000000e+00
-4.090615434361710157e-01 -5.000000000000000000e+00 5.700000000000000000e+01 1.200000000000000000e+01 1.000000000000000000e+00 1.078319549560546875e+00 1.000000000000000000e+00 1.096010208129882812e+00 -4.090615434361710018e-02 -5.000000000000000000e+00
-8.283496254582463081e+00 -2.000000000000000000e+00 5.700000000000000000e+01 1.200000000000000000e+01 0.000000000000000000e+00 6.195068359375000000e-01 1.000000000000000000e+00 6.367921829223632812e-01 -8.283496254582463081e-01 -2.000000000000000000e+00
-1.518640980006784780e+01 -2.000000000000000000e+00 5.700000000000000000e+01 1.200000000000000000e+01 0.000000000000000000e+00 4.527997970581054688e+00 0.000000000000000000e+00 0.000000000000000000e+00 -1.518640980006784824e+00 -2.000000000000000000e+00
-1.503301172127928353e+01 0.000000000000000000e+00 5.700000000000000000e+01 1.200000000000000000e+01 1.000000000000000000e+00 1.064491271972656250e+00 1.000000000000000000e+00 1.082301139831542969e+00 -1.503301172127928353e+00 0.000000000000000000e+00
-7.260842395992035847e+00 5.000000000000000000e+00 5.700000000000000000e+01 1.200000000000000000e+01 1.000000000000000000e+00 1.281905174255371094e+00 1.000000000000000000e+00 1.292705535888671875e+00 -7.260842395992035403e-01 5.000000000000000000e+00
5.624596222247351118e-01 4.000000000000000000e+00 5.700000000000000000e+01 1.200000000000000000e+01 1.000000000000000000e+00 4.318952560424804688e-01 1.000000000000000000e+00 4.420995712280273438e-01 5.624596222247351535e-02 4.000000000000000000e+00
8.334628947511983910e+00 4.000000000000000000e+00 5.700000000000000000e+01 1.200000000000000000e+01 1.000000000000000000e+00 0.000000000000000000e+00 1.000000000000000000e+00 3.765487670898437500e+00 8.334628947511983910e-01 4.000000000000000000e+00
1.508414441420880614e+01 3.300000000000000000e+01 5.700000000000000000e+01 1.200000000000000000e+01 1.000000000000000000e+00 1.666998863220214844e+00 1.000000000000000000e+00 1.684904098510742188e+00 1.508414441420880658e+00 3.300000000000000000e+01
7.158577010132992413e+00 -8.000000000000000000e+00 5.700000000000000000e+01 1.200000000000000000e+01 1.000000000000000000e+00 1.535582542419433594e+00 1.000000000000000000e+00 1.546382904052734375e+00 7.158577010132992635e-01 -8.000000000000000000e+00
-8.181230868723420313e-01 -8.000000000000000000e+00 5.700000000000000000e+01 1.200000000000000000e+01 1.000000000000000000e+00 9.086132049560546875e-01 1.000000000000000000e+00 9.768009185791015625e-01 -8.181230868723420036e-02 -8.000000000000000000e+00
-8.845955876807197527e+00 -8.000000000000000000e+00 5.700000000000000000e+01 1.200000000000000000e+01 0.000000000000000000e+00 4.638600349426269531e+00 0.000000000000000000e+00 0.000000000000000000e+00 -8.845955876807197749e-01 -8.000000000000000000e+00
-1.503301172127928353e+01 2.100000000000000000e+01 5.700000000000000000e+01 1.200000000000000000e+01 1.000000000000000000e+00 1.398396492004394531e+00 1.000000000000000000e+00 1.416492462158203125e+00 -1.503301172127928353e+00 2.100000000000000000e+01
-7.107444317203470696e+00 4.000000000000000000e+00 5.700000000000000000e+01 1.200000000000000000e+01 1.000000000000000000e+00 4.285812377929687500e-01 1.000000000000000000e+00 4.387855529785156250e-01 -7.107444317203470696e-01 4.000000000000000000e+00
9.715211656609061830e-01 4.000000000000000000e+00 5.700000000000000000e+01 1.200000000000000000e+01 1.000000000000000000e+00 1.713395118713378906e+00 1.000000000000000000e+00 1.734781265258789062e+00 9.715211656609061552e-02 4.000000000000000000e+00
8.692557798018633264e+00 4.000000000000000000e+00 5.700000000000000000e+01 1.200000000000000000e+01 1.000000000000000000e+00 0.000000000000000000e+00 1.000000000000000000e+00 4.674315452575683594e+00 8.692557798018634152e-01 4.000000000000000000e+00
1.498187902834976271e+01 2.700000000000000000e+01 5.700000000000000000e+01 1.200000000000000000e+01 1.000000000000000000e+00 1.680493354797363281e+00 1.000000000000000000e+00 1.698493957519531250e+00 1.498187902834976271e+00 2.700000000000000000e+01
7.158577010132992413e+00 -5.000000000000000000e+00 5.700000000000000000e+01 1.200000000000000000e+01 1.000000000000000000e+00 4.962921142578125000e-01 1.000000000000000000e+00 5.088806152343750000e-01 7.158577010132992635e-01 -5.000000000000000000e+00
-5.113269292952137279e-01 -4.000000000000000000e+00 5.700000000000000000e+01 1.200000000000000000e+01 1.000000000000000000e+00 3.167867660522460938e-01 1.000000000000000000e+00 3.277063369750976562e-01 -5.113269292952137696e-02 -4.000000000000000000e+00
-8.334628947511983910e+00 -4.000000000000000000e+00 5.700000000000000000e+01 1.200000000000000000e+01 0.000000000000000000e+00 8.650064468383789062e-01 1.000000000000000000e+00 8.831977844238281250e-01 -8.334628947511983910e-01 -4.000000000000000000e+00
-1.513527710713832697e+01 -1.400000000000000000e+01 5.700000000000000000e+01 1.200000000000000000e+01 0.000000000000000000e+00 4.228901863098144531e+00 0.000000000000000000e+00 0.000000000000000000e+00 -1.513527710713832741e+00 -1.400000000000000000e+01
-1.503301172127928353e+01 0.000000000000000000e+00 5.700000000000000000e+01 1.200000000000000000e+01 1.000000000000000000e+00 9.421825408935546875e-01 1.000000000000000000e+00 9.928941726684570312e-01 -1.503301172127928353e+00 0.000000000000000000e+00
-7.005178931344428150e+00 4.000000000000000000e+00 5.700000000000000000e+01 1.200000000000000000e+01 1.000000000000000000e+00 7.863044738769531250e-01 1.000000000000000000e+00 8.043050765991210938e-01 -7.005178931344427928e-01 4.000000000000000000e+00
1.124919244449470224e+00 4.000000000000000000e+00 5.700000000000000000e+01 1.200000000000000000e+01 1.000000000000000000e+00 1.084780693054199219e+00 1.000000000000000000e+00 1.102781295776367188e+00 1.124919244449470307e-01 4.000000000000000000e+00
9.306150113172890315e+00 4.000000000000000000e+00 5.700000000000000000e+01 1.200000000000000000e+01 1.000000000000000000e+00 0.000000000000000000e+00 1.000000000000000000e+00 4.270911216735839844e+00 9.306150113172890759e-01 4.000000000000000000e+00
1.493074633542024188e+01 0.000000000000000000e+00 5.700000000000000000e+01 1.200000000000000000e+01 1.000000000000000000e+00 1.664900779724121094e+00 1.000000000000000000e+00 1.682901382446289062e+00 1.493074633542024188e+00 0.000000000000000000e+00
6.902913545485384716e+00 -4.000000000000000000e+00 5.700000000000000000e+01 1.200000000000000000e+01 1.000000000000000000e+00 7.161855697631835938e-01 1.000000000000000000e+00 7.341861724853515625e-01 6.902913545485385161e-01 -4.000000000000000000e+00
-1.431715402026598527e+00 -5.000000000000000000e+00 5.700000000000000000e+01 1.200000000000000000e+01 1.000000000000000000e+00 3.200054168701171875e-01 1.000000000000000000e+00 3.302097320556640625e-01 -1.431715402026598472e-01 -5.000000000000000000e+00
-1.002200781418618902e+01 -5.000000000000000000e+00 5.700000000000000000e+01 1.200000000000000000e+01 0.000000000000000000e+00 4.344701766967773438e+00 0.000000000000000000e+00 0.000000000000000000e+00 -1.002200781418618902e+00 -5.000000000000000000e+00
-1.503301172127928353e+01 2.000000000000000000e+00 5.700000000000000000e+01 1.300000000000000000e+01 1.000000000000000000e+00 1.649594306945800781e+00 1.000000000000000000e+00 1.667594909667968750e+00 -1.503301172127928353e+00 2.000000000000000000e+00
-6.596117387908257079e+00 1.000000000000000000e+00 5.700000000000000000e+01 1.300000000000000000e+01 1.000000000000000000e+00 1.783013343811035156e+00 1.000000000000000000e+00 1.806497573852539062e+00 -6.596117387908256857e-01 1.000000000000000000e+00
1.738511559603726830e+00 0.000000000000000000e+00 5.700000000000000000e+01 1.200000000000000000e+01 1.000000000000000000e+00 1.306486129760742188e+00 1.000000000000000000e+00 1.324701309204101562e+00 1.738511559603726775e-01 0.000000000000000000e+00
1.007314050711570985e+01 1.000000000000000000e+00 5.700000000000000000e+01 1.200000000000000000e+01 1.000000000000000000e+00 0.000000000000000000e+00 1.000000000000000000e+00 4.321408271789550781e+00 1.007314050711570985e+00 1.000000000000000000e+00
1.493074633542024188e+01 2.300000000000000000e+01 5.700000000000000000e+01 1.200000000000000000e+01 1.000000000000000000e+00 1.661896705627441406e+00 1.000000000000000000e+00 1.680016517639160156e+00 1.493074633542024188e+00 2.300000000000000000e+01
6.902913545485384716e+00 -1.000000000000000000e+00 5.700000000000000000e+01 1.200000000000000000e+01 1.000000000000000000e+00 8.519172668457031250e-01 1.000000000000000000e+00 8.628129959106445312e-01 6.902913545485385161e-01 -1.000000000000000000e+00
-1.431715402026598527e+00 -1.000000000000000000e+00 5.700000000000000000e+01 1.200000000000000000e+01 1.000000000000000000e+00 4.734039306640625000e-01 1.000000000000000000e+00 4.842996597290039062e-01 -1.431715402026598472e-01 -1.000000000000000000e+00
-1.002200781418618902e+01 -2.000000000000000000e+00 5.700000000000000000e+01 1.200000000000000000e+01 0.000000000000000000e+00 4.924893379211425781e+00 0.000000000000000000e+00 0.000000000000000000e+00 -1.002200781418618902e+00 -2.000000000000000000e+00
-1.503301172127928353e+01 -2.200000000000000000e+01 5.700000000000000000e+01 1.200000000000000000e+01 1.000000000000000000e+00 5.989789962768554688e-01 1.000000000000000000e+00 6.098985671997070312e-01 -1.503301172127928353e+00 -2.200000000000000000e+01
-6.954046238414907322e+00 7.000000000000000000e+00 5.700000000000000000e+01 1.200000000000000000e+01 1.000000000000000000e+00 4.089117050170898438e-01 1.000000000000000000e+00 4.305124282836914062e-01 -6.954046238414907100e-01 7.000000000000000000e+00
1.687378866674205335e+00 8.000000000000000000e+00 5.700000000000000000e+01 1.200000000000000000e+01 1.000000000000000000e+00 5.156993865966796875e-01 1.000000000000000000e+00 5.270957946777343750e-01 1.687378866674205391e-01 8.000000000000000000e+00
1.068673282226996690e+01 8.000000000000000000e+00 5.700000000000000000e+01 1.200000000000000000e+01 1.000000000000000000e+00 0.000000000000000000e+00 1.000000000000000000e+00 4.354119300842285156e+00 1.068673282226996646e+00 8.000000000000000000e+00
1.493074633542024188e+01 4.000000000000000000e+00 5.700000000000000000e+01 1.200000000000000000e+01 1.000000000000000000e+00 1.658701896667480469e+00 1.000000000000000000e+00 1.676702499389648438e+00 1.493074633542024188e+00 4.000000000000000000e+00
6.902913545485384716e+00 -8.000000000000000000e+00 5.700000000000000000e+01 1.200000000000000000e+01 1.000000000000000000e+00 1.238512992858886719e+00 1.000000000000000000e+00 1.249313354492187500e+00 6.902913545485385161e-01 -8.000000000000000000e+00
-1.124919244449470224e+00 -8.000000000000000000e+00 5.700000000000000000e+01 1.200000000000000000e+01 1.000000000000000000e+00 1.026487350463867188e+00 1.000000000000000000e+00 1.046895980834960938e+00 -1.124919244449470307e-01 -8.000000000000000000e+00
-9.919742428327145589e+00 -8.000000000000000000e+00 5.700000000000000000e+01 1.200000000000000000e+01 0.000000000000000000e+00 3.784394264221191406e+00 0.000000000000000000e+00 0.000000000000000000e+00 -9.919742428327146255e-01 -8.000000000000000000e+00
-1.503301172127928353e+01 2.000000000000000000e+00 5.700000000000000000e+01 1.200000000000000000e+01 1.000000000000000000e+00 9.967088699340820312e-01 1.000000000000000000e+00 1.023101806640625000e+00 -1.503301172127928353e+00 2.000000000000000000e+00
-6.493852002049215422e+00 1.100000000000000000e+01 5.700000000000000000e+01 1.200000000000000000e+01 1.000000000000000000e+00 7.224082946777343750e-01 1.000000000000000000e+00 7.333040237426757812e-01 -6.493852002049215200e-01 1.100000000000000000e+01
2.403236567687504710e+00 1.100000000000000000e+01 5.700000000000000000e+01 1.200000000000000000e+01 1.000000000000000000e+00 1.392889022827148438e+00 1.000000000000000000e+00 1.406002044677734375e+00 2.403236567687504766e-01 1.100000000000000000e+01
1.160712129500135248e+01 1.100000000000000000e+01 5.700000000000000000e+01 1.200000000000000000e+01 1.000000000000000000e+00 0.000000000000000000e+00 1.000000000000000000e+00 4.847908020019531250e+00 1.160712129500135248e+00 1.100000000000000000e+01
1.493074633542024188e+01 -3.000000000000000000e+00 5.700000000000000000e+01 1.200000000000000000e+01 1.000000000000000000e+00 1.655793190002441406e+00 1.000000000000000000e+00 1.673698425292968750e+00 1.493074633542024188e+00 -3.000000000000000000e+00
6.596117387908257079e+00 -2.000000000000000000e+00 5.700000000000000000e+01 1.200000000000000000e+01 1.000000000000000000e+00 1.187992095947265625e+00 1.000000000000000000e+00 1.240992546081542969e+00 6.596117387908256857e-01 -2.000000000000000000e+00
-1.687378866674205335e+00 -1.000000000000000000e+00 5.700000000000000000e+01 1.200000000000000000e+01 1.000000000000000000e+00 7.197141647338867188e-01 1.000000000000000000e+00 7.376194000244140625e-01 -1.687378866674205391e-01 -1.000000000000000000e+00
-1.027767127883379494e+01 -1.000000000000000000e+00 5.700000000000000000e+01 1.200000000000000000e+01 0.000000000000000000e+00 4.966378211975097656e+00 0.000000000000000000e+00 0.000000000000000000e+00 -1.027767127883379539e+00 -1.000000000000000000e+00
-1.503301172127928353e+01 -1.300000000000000000e+01 5.700000000000000000e+01 1.200000000000000000e+01 1.000000000000000000e+00 8.174896240234375000e-01 1.000000000000000000e+00 8.282899856567382812e-01 -1.503301172127928353e+00 -1.300000000000000000e+01
-6.135923151542565179e+00 0.000000000000000000e+00 5.700000000000000000e+01 1.200000000000000000e+01 1.000000000000000000e+00 2.230167388916015625e-01 1.000000000000000000e+00 2.332210540771484375e-01 -6.135923151542564957e-01 0.000000000000000000e+00
2.965696189912239600e+00 1.000000000000000000e+00 5.700000000000000000e+01 1.200000000000000000e+01 1.000000000000000000e+00 0.000000000000000000e+00 1.000000000000000000e+00 1.164293289184570312e+00 2.965696189912239711e-01 1.000000000000000000e+00
1.319223477581651416e+01 4.000000000000000000e+00 5.700000000000000000e+01 1.200000000000000000e+01 1.000000000000000000e+00 0.000000000000000000e+00 1.000000000000000000e+00 4.838323593139648438e+00 1.319223477581651371e+00 4.000000000000000000e+00
