1.206731553136704660e+00 2.000000000000000000e+01 4.480000000000000426e+01 9.600000000000001421e+00 1.500000000000000000e+00 0.000000000000000000e+00 8.000000000000000444e-01 1.350402832031250000e+00 1.206731553136704660e+00 2.000000000000000000e+01
1.206731553136704660e+00 2.000000000000000000e+01 4.480000000000000426e+01 9.600000000000001421e+00 2.850000000000000089e+00 0.000000000000000000e+00 1.520000000000000018e+00 2.003368377685546875e+00 1.522829770211571399e+00 1.611199999999999832e+01
1.206731553136704660e+00 2.000000000000000000e+01 4.480000000000000426e+01 9.600000000000001421e+00 4.104548250000000564e+00 0.000000000000000000e+00 2.168000000000000149e+00 3.067315292358398615e+00 1.324809958627378714e+00 1.316679334399999846e+01
1.206731553136704660e+00 2.000000000000000000e+01 4.480000000000000426e+01 9.600000000000001421e+00 4.104548250000000564e+00 0.000000000000000000e+00 2.168000000000000149e+00 3.067315292358398615e+00 7.706574389244968959e-01 1.090639223827770188e+01
1.206731553136704660e+00 2.000000000000000000e+01 4.480000000000000426e+01 9.600000000000001421e+00 4.104548250000000564e+00 0.000000000000000000e+00 2.168000000000000149e+00 3.067315292358398615e+00 2.264205292320194962e-01 1.121955223523953826e+01
1.206731553136704660e+00 2.000000000000000000e+01 4.480000000000000426e+01 9.600000000000001421e+00 4.104548250000000564e+00 5.760023329257965563e-02 2.168000000000000149e+00 3.067315292358398615e+00 3.040554131948453032e-02 1.202236196579923622e+01
1.206731553136704660e+00 2.000000000000000000e+01 4.480000000000000426e+01 9.600000000000001421e+00 4.175253249999999916e+00 0.000000000000000000e+00 2.168000000000000149e+00 3.067315292358398615e+00 1.082796697154978505e-01 1.265449887314583854e+01
1.206731553136704660e+00 2.000000000000000000e+01 4.480000000000000426e+01 9.600000000000001421e+00 4.104548250000000564e+00 0.000000000000000000e+00 2.168000000000000149e+00 3.067315292358398615e+00 3.318261828254961410e-01 1.388701811478934722e+01
1.146906302409164580e+00 1.760000000000000142e+01 4.592000000000000171e+01 9.840000000000001634e+00 4.104548250000000564e+00 1.662649696645975284e-01 2.358000000000000096e+00 3.305775356292724787e+00 4.258309280436238797e-01 1.221850360427814586e+01
1.206731553136704660e+00 2.000000000000000000e+01 4.480000000000000426e+01 9.600000000000001421e+00 4.104548250000000564e+00 0.000000000000000000e+00 2.168000000000000149e+00 3.067315292358398615e+00 6.260393585495513946e-01 1.226391443610893717e+01
9.689645310144302526e-01 1.760000000000000142e+01 4.592000000000000171e+01 9.840000000000001634e+00 4.375341823403863017e+00 0.000000000000000000e+00 2.431708834364970429e+00 3.453878488085605714e+00 3.761884196956538640e-01 1.092014550677710538e+01
9.357282806102413808e-01 1.819999999999999929e+01 4.592000000000000171e+01 9.840000000000001634e+00 4.104548250000000564e+00 3.065726248385503561e-01 2.701898704849967192e+00 3.837642764539562101e+00 3.624460798269903972e-01 1.060276795585315668e+01
1.206731553136704660e+00 2.000000000000000000e+01 4.480000000000000426e+01 9.600000000000001421e+00 4.048474207499999977e+00 7.677967328991288642e-01 2.168000000000000149e+00 3.067315292358398615e+00 3.613407840710296526e-01 1.060735878458343606e+01
1.120828629015108824e+00 1.839999999999999858e+01 4.592000000000000171e+01 9.840000000000001634e+00 4.203525825354123668e+00 2.072921529215789038e-01 2.592566302283910051e+00 3.803477571593197659e+00 4.577528155467431858e-01 1.023280008943999064e+01
1.209288187783180701e+00 1.880000000000000071e+01 4.592000000000000171e+01 9.840000000000001634e+00 4.175253249999999916e+00 0.000000000000000000e+00 2.528629224759900040e+00 3.699251257696055450e+00 4.578649410538757625e-01 1.018268375797402392e+01
1.235365861177236679e+00 1.780000000000000071e+01 4.592000000000000171e+01 9.840000000000001634e+00 4.104548250000000564e+00 0.000000000000000000e+00 2.457588027511000028e+00 3.363111036925737984e+00 3.876130392607162189e-01 9.319544490633266065e+00
1.106869403845349265e+00 1.504000000000000092e+01 4.692800000000000438e+01 1.005600000000000094e+01 4.104548250000000564e+00 1.662649696645975284e-01 2.547542252790000017e+00 3.559542760483893176e+00 1.629229967472236862e-01 7.769702959387177366e+00
1.063560012934044785e+00 1.760000000000000142e+01 4.592000000000000171e+01 9.840000000000001634e+00 4.293940847182247111e+00 0.000000000000000000e+00 2.268000000000000238e+00 3.231504631042480646e+00 1.992452237549769412e-01 9.871740053720118979e+00
1.206731553136704660e+00 2.000000000000000000e+01 4.480000000000000426e+01 9.600000000000001421e+00 4.448631875405977709e+00 -6.624107057257582365e-05 2.168000000000000149e+00 3.067315292358398615e+00 4.090675204725793268e-01 1.072459834496272002e+01
6.918253353364244296e-01 1.637999999999999901e+01 4.692800000000000438e+01 1.005600000000000094e+01 4.104548250000000564e+00 4.612527197544393220e-01 3.182145891247191383e+00 4.401821182220310824e+00 1.794304974846918643e-01 1.037836800453646902e+01
1.018051916226770715e+00 1.839999999999999858e+01 4.592000000000000171e+01 9.840000000000001634e+00 4.103046541782406464e+00 6.147497913431769767e-01 2.650109672055518839e+00 3.788869941997354385e+00 4.284558793110537778e-01 1.036702873247923407e+01
1.032778131790472953e+00 1.735999999999999943e+01 4.692800000000000438e+01 1.005600000000000094e+01 4.203525825354123668e+00 3.660116490572601355e-01 2.969635548798315927e+00 4.382230312541498307e+00 6.250678872202255487e-01 9.732581668637001471e+00
1.206731553136704660e+00 2.000000000000000000e+01 4.480000000000000426e+01 9.600000000000001421e+00 4.104548250000000564e+00 0.000000000000000000e+00 2.168000000000000149e+00 3.067315292358398615e+00 3.690037128643920417e-01 1.070444236421988293e+01
1.261136738413715541e+00 1.572000000000000064e+01 4.692800000000000438e+01 1.005600000000000094e+01 4.104548250000000564e+00 0.000000000000000000e+00 2.704324647287799976e+00 3.562417579542226598e+00 4.352461012598409229e-01 6.951371873978389182e+00
1.206731553136704660e+00 2.000000000000000000e+01 4.480000000000000426e+01 9.600000000000001421e+00 4.468262182260883009e+00 0.000000000000000000e+00 2.168000000000000149e+00 3.067315292358398615e+00 3.812526451584253295e-01 1.077850927282495697e+01
1.035948358752103227e+00 1.719999999999999929e+01 4.592000000000000171e+01 9.840000000000001634e+00 4.453654461696739730e+00 -7.747909830107642057e-05 2.288602503099999907e+00 3.202017826098504383e+00 1.303961270043334786e-01 9.214046962902722626e+00
4.723126845899890958e-01 1.484199999999999875e+01 4.783520000000000039e+01 1.025040000000000084e+01 4.104548250000000564e+00 8.657925313447560889e-01 3.572357382666491610e+00 5.145052504046040198e+00 6.220071291971941696e-02 1.230600323040343014e+01
8.507968776543062273e-01 1.735999999999999943e+01 4.692800000000000438e+01 1.005600000000000094e+01 4.103046541782406464e+00 8.644509476826079952e-01 3.031682020209372386e+00 4.510565230000151971e+00 4.485527307111972228e-01 1.234681701774135476e+01
9.417721649145107676e-01 1.632399999999999807e+01 4.783520000000000039e+01 1.025040000000000084e+01 4.203525825354123668e+00 6.444389827516765479e-01 3.246990838220064735e+00 4.927929658789756751e+00 7.172723080926560746e-01 1.165875265154084417e+01
1.194715370298267132e+00 1.742000000000000171e+01 4.692800000000000438e+01 1.005600000000000094e+01 4.267120650756331734e+00 0.000000000000000000e+00 2.843588062834129904e+00 4.236501199230211512e+00 6.452572728361678500e-01 8.883539056826705860e+00
1.285353181785136911e+00 1.514799999999999969e+01 4.783520000000000039e+01 1.025040000000000084e+01 4.104548250000000564e+00 0.000000000000000000e+00 2.851546407838019714e+00 3.733115400561503261e+00 5.125335053243796901e-01 8.370180215066884699e+00
1.054985060329763913e+00 1.273600000000000065e+01 4.783520000000000039e+01 1.025040000000000084e+01 4.203775045134570121e+00 1.662649696645975284e-01 2.700588027510999911e+00 3.727445810943072146e+00 3.618728653726328154e-02 6.110179232987776210e+00
9.771457618831536074e-01 1.719999999999999929e+01 4.592000000000000171e+01 9.840000000000001634e+00 4.448631875405977709e+00 -6.624107057257582365e-05 2.302390342277370827e+00 3.429491952765715723e+00 1.741321800948296417e-01 1.097302722293926180e+01
7.350324608618699074e-01 1.504000000000000092e+01 4.692800000000000438e+01 1.005600000000000094e+01 4.888251449760291578e+00 0.000000000000000000e+00 2.620760418685974980e+00 3.616251215189719481e+00 -7.069389730086328427e-02 9.418136172615746204e+00
2.747512989181973286e-01 1.335779999999999923e+01 4.875168000000000035e+01 1.042536000000000129e+01 4.104138205629825897e+00 1.581546856179213201e+00 4.010777215315314947e+00 5.927761035196864370e+00 -5.385151062861875948e-02 1.138792876196817616e+01
1.167359379580973133e+00 1.860000000000000142e+01 4.592000000000000171e+01 9.840000000000001634e+00 4.103357542259565172e+00 6.841234916051962545e-01 2.454132049223978207e+00 3.621994602322010870e+00 5.042404931970597692e-01 1.136233958099449026e+01
1.306125326960825728e+00 1.333319999999999972e+01 4.865167999999999893e+01 1.042536000000000129e+01 4.104548250000000564e+00 0.000000000000000000e+00 3.097400754323388128e+00 4.058429975105577903e+00 5.244754360143727423e-01 5.036769116803125890e+00
8.853114453817332308e-01 1.537999999999999901e+01 4.702799999999999869e+01 1.005600000000000094e+01 4.700426919537584070e+00 -2.882296295895583654e-04 2.454320102173940477e+00 3.586253721524395921e+00 1.358161656780713239e-03 8.798465232927394908e+00
5.096651167750044786e-01 1.273600000000000065e+01 4.783520000000000039e+01 1.025040000000000084e+01 4.919365378210206252e+00 0.000000000000000000e+00 2.534199041273955011e+00 3.760548356727466679e+00 -2.284179447726744916e-01 8.869164103484942885e+00
9.694605181358476043e-02 1.202201999999999948e+01 4.947651199999999960e+01 1.058282400000000045e+01 4.103719398815473873e+00 1.993928179574928627e+00 4.205793509155956400e+00 6.489896883037662434e+00 -1.405696945108986518e-01 1.283764602299969582e+01
1.177509219127483187e+00 1.607800000000000296e+01 4.783520000000000039e+01 1.025040000000000084e+01 4.267120650756331734e+00 0.000000000000000000e+00 3.165652809171350057e+00 4.935476784274052342e+00 7.186198875483643667e-01 7.525449726984430932e+00
1.324820257618945618e+00 1.369988000000000028e+01 4.938651199999999619e+01 1.058282400000000045e+01 4.104548250000000564e+00 0.000000000000000000e+00 3.224297824682434754e+00 4.273933095441592833e+00 4.533436986128649426e-01 8.610708859378410907e+00
1.019538343610231879e+00 1.026239999999999952e+01 4.865167999999999893e+01 1.042536000000000129e+01 4.203775045134570121e+00 1.662649696645975284e-01 2.879421565864411559e+00 3.978202874572964731e+00 -9.058541635461100916e-02 4.400427608291789028e+00
-6.307867058056657039e-02 1.081981799999999971e+01 5.022886079999999964e+01 1.072454160000000023e+01 4.103719398815473873e+00 1.653143494641907463e+00 4.350122513589232298e+00 6.702296675058553532e+00 3.389720538085810864e-03 1.219560674673539502e+01
6.982220352219074000e-01 1.612399999999999878e+01 4.793520000000000181e+01 1.025040000000000084e+01 4.103046541782406464e+00 8.644509476826079952e-01 3.467779096758856205e+00 5.356927549042569403e+00 4.712892461981885162e-01 1.172758661451473650e+01
8.726499679585251190e-01 1.509159999999999791e+01 4.865167999999999893e+01 1.042536000000000129e+01 3.782352579238603685e+00 7.543390907446010374e-01 3.596508832384969878e+00 5.649724828539517851e+00 8.184084008901360008e-01 1.039511625760369817e+01
1.132435750310110123e+00 1.674000000000000199e+01 4.692800000000000438e+01 1.005600000000000094e+01 4.103357542259565172e+00 6.841234916051962545e-01 2.732666283057061385e+00 4.346820771968943120e+00 5.580874577820132965e-01 1.296513820970700515e+01
1.341645695211253431e+00 1.232989200000000096e+01 5.014786079999999657e+01 1.072454160000000023e+01 4.104548250000000564e+00 0.000000000000000000e+00 3.289810198800632524e+00 4.275609596517571553e+00 5.837313126310746947e-01 8.737340142516654140e+00
9.968401832899668191e-01 8.836159999999999570e+00 4.948651199999999761e+01 1.058282400000000045e+01 4.203775045134570121e+00 1.662649696645975284e-01 2.836041728433321918e+00 3.983406603713557814e+00 -6.709972726075652538e-02 6.256952408939991273e+00
9.290810305294034954e-01 1.504000000000000092e+01 4.692800000000000438e+01 1.005600000000000094e+01 4.989657699508920352e+00 7.972357695259315591e-01 2.358000000000000096e+00 3.400825691223144709e+00 -2.836272826357769117e-02 9.061641894718775347e+00
7.446249540554481516e-01 1.304199999999999804e+01 4.792519999999999669e+01 1.025040000000000084e+01 4.700426919537584070e+00 -2.882296295895583654e-04 2.555659141700597825e+00 3.727156631372260609e+00 -1.364123486047514044e-01 9.955288934340407181e+00
3.073458340261207011e-01 1.356240000000000023e+01 4.865167999999999893e+01 1.042536000000000129e+01 5.255132902804302120e+00 0.000000000000000000e+00 2.410675241136508884e+00 3.575653333873521689e+00 -3.324432424380842077e-01 1.199266849915463595e+01
-2.071009207353027570e-01 9.937836199999999565e+00 5.090597472000000323e+01 1.085208744000000003e+01 4.103719398815473873e+00 1.881689940467169864e+00 4.757223209913065354e+00 7.189406371641186233e+00 -1.415720352350779143e-01 1.387744199350806795e+01
5.598820231741580278e-01 1.501159999999999961e+01 4.884168000000000376e+01 1.042536000000000129e+01 4.103046541782406464e+00 8.644509476826079952e-01 3.907040250099824696e+00 5.857536326906776836e+00 4.769373085564269088e-01 1.296940107244450324e+01
7.971454905364625532e-01 1.398243999999999865e+01 4.948651199999999761e+01 1.058282400000000045e+01 3.912960033382090419e+00 1.044664415885113273e+00 3.959162365472032707e+00 6.142858511048154391e+00 8.730344679806681940e-01 1.162313551554481350e+01
1.175318183235453118e+00 1.487020000000000231e+01 4.875168000000000035e+01 1.042536000000000129e+01 4.267120650756331734e+00 0.000000000000000000e+00 3.330478447428836475e+00 5.320801034883357872e+00 8.900139327940973510e-01 8.356585047460674431e+00
1.358322569832216109e+00 1.439690280000000122e+01 5.083307471999999905e+01 1.085208744000000003e+01 4.290127235829858776e+00 0.000000000000000000e+00 3.547705057569684683e+00 4.456265377743482858e+00 6.202386225320049018e-01 1.061433484026420082e+01
9.759005120724331128e-01 7.152543999999999791e+00 5.023786079999999998e+01 1.072454160000000023e+01 4.203775045134570121e+00 1.662649696645975284e-01 3.187111489933450503e+00 4.085345072437450931e+00 -1.429594438335974604e-01 4.154238852549036132e+00
8.412861967694152954e-01 1.273600000000000065e+01 4.793520000000000181e+01 1.025040000000000084e+01 5.290597755668691171e+00 7.972357695259315591e-01 2.554717363119292095e+00 3.482762417067295946e+00 -1.900555893175863986e-01 7.813859935587484706e+00
1.329283834915535589e-01 1.140615999999999985e+01 4.948651199999999761e+01 1.058282400000000045e+01 5.419669597122788396e+00 0.000000000000000000e+00 2.474522543483033576e+00 3.723449931610848918e+00 -4.925741940744863268e-01 1.224149902612747809e+01
-3.367209458745653583e-01 8.944052579999999253e+00 5.151537724800000007e+01 1.096687869600000020e+01 4.103719398815473873e+00 2.080787640470362909e+00 5.096017461535482518e+00 7.750919628446385268e+00 -2.078744222122754781e-01 1.536563497286292623e+01
4.420232624120213338e-01 1.391043999999999947e+01 4.965751200000000409e+01 1.058282400000000045e+01 4.103046541782406464e+00 8.644509476826079952e-01 4.266831969659535595e+00 6.490247336007066714e+00 5.099902948720806961e-01 1.493709659243140209e+01
7.373726917253295987e-01 1.338419599999999932e+01 5.023786079999999998e+01 1.072454160000000023e+01 3.912960033382090419e+00 1.243330333566300849e+00 4.242028485497023382e+00 6.644946718316893985e+00 9.492986005530498206e-01 1.396311871407250038e+01
1.153404500690112799e+00 1.378318000000000154e+01 4.957651200000000102e+01 1.058282400000000045e+01 4.343990970788525807e+00 0.000000000000000000e+00 3.603516793905847226e+00 5.805793823026223599e+00 9.615205754773481495e-01 1.060343515138132986e+01
1.371797776203196984e+00 1.545721252000000057e+01 5.144976724800000056e+01 1.096687869600000020e+01 4.290127235829858776e+00 0.000000000000000000e+00 3.715833596972935471e+00 4.568149846608139164e+00 6.476451933389882898e-01 1.329392364818238903e+01
9.483622501786340697e-01 6.037289599999999368e+00 5.091407472000000212e+01 1.085208744000000003e+01 4.203775045134570121e+00 1.662649696645975284e-01 3.302875819007755176e+00 4.157475362394585261e+00 -1.993759618474329476e-01 4.881397268777601717e+00
7.372158268499604539e-01 1.126239999999999952e+01 4.884168000000000376e+01 1.042536000000000129e+01 5.361046079339838677e+00 7.972357695259315591e-01 2.642499298403425900e+00 3.576229877239561539e+00 -3.394508935196398625e-01 8.782493442634494940e+00
1.007697545908597947e-03 1.016554400000000058e+01 5.023786079999999998e+01 1.072454160000000023e+01 5.560020305676634855e+00 0.000000000000000000e+00 2.513224874657121077e+00 3.850820334894984764e+00 -6.322875105152823139e-01 1.318407891349212591e+01
-4.533789684999016689e-01 8.049647321999998439e+00 5.206383952320000219e+01 1.107019082640000107e+01 4.103719398815473873e+00 2.253910415610262064e+00 5.413967001004805546e+00 8.306158957829964606e+00 -2.767930553570298047e-01 1.637555668880171211e+01
3.323710892210318124e-01 1.321939599999999970e+01 5.039176080000000013e+01 1.072454160000000023e+01 4.103046541782406464e+00 8.644509476826079952e-01 4.601129845944999630e+00 7.064943883217972953e+00 5.281278720396371806e-01 1.640529057516083711e+01
6.830658458660148202e-01 1.304577639999999938e+01 5.091407472000000212e+01 1.085208744000000003e+01 3.912960033382090419e+00 1.166992125130380309e+00 4.505115401832262556e+00 7.075887347150382034e+00 1.011234845417839701e+00 1.501967471736630166e+01
1.136750147975077674e+00 1.310486200000000068e+01 5.031886080000000305e+01 1.072454160000000023e+01 4.413057953066122252e+00 0.000000000000000000e+00 3.855670222232910671e+00 6.307511877323919158e+00 1.029017471225761593e+00 1.094317954796507841e+01
1.383925461937079771e+00 1.511149126799999998e+01 5.200479052320000051e+01 1.107019082640000107e+01 4.290127235829858776e+00 0.000000000000000000e+00 3.872413316995551913e+00 4.810309888761515218e+00 6.638836522032708354e-01 1.249912864531178336e+01
9.087493335246537018e-01 4.933560639999999609e+00 5.152266724800000475e+01 1.096687869600000020e+01 4.203775045134570121e+00 1.749303058896410912e-01 3.411626372140126762e+00 4.315960721116942622e+00 -2.612193317590444375e-01 3.183584343098299296e+00
6.389505515587940998e-01 9.336159999999999570e+00 4.965751200000000409e+01 1.058282400000000045e+01 5.353064689860388192e+00 7.972357695259315591e-01 2.725597304173208446e+00 3.697163145142196239e+00 -4.644213963966838943e-01 7.076768804165829430e+00
8.058001078763274982e-01 1.467999999999999972e+01 4.692800000000000438e+01 1.005600000000000094e+01 4.956404855564305656e+00 -8.891181816095259684e-04 2.434227349918231198e+00 3.570827085398497136e+00 -8.859515115384360151e-02 1.009518310996544699e+01
-1.202775544516479223e-01 8.648989600000000166e+00 5.091407472000000212e+01 1.085208744000000003e+01 5.666154746483410776e+00 0.000000000000000000e+00 2.573678429613466268e+00 3.748407410137166274e+00 -7.382263279988470206e-01 1.165017788963773171e+01
-5.583711888627043152e-01 7.244682589799998240e+00 5.255745557088000197e+01 1.116317174376000132e+01 4.103350797324424981e+00 2.643438455011708044e+00 5.760384825918202445e+00 8.620235745309610564e+00 -3.092349805982626543e-01 1.495660451954485737e+01
2.393087295713886009e-01 1.189745639999999938e+01 5.105258471999999870e+01 1.085208744000000003e+01 4.103046541782406464e+00 8.644509476826079952e-01 4.965242668633195855e+00 7.391618890631086458e+00 5.841403486672787082e-01 1.486023806479968989e+01
6.541314348351447983e-01 1.174119875999999962e+01 5.152266724800000475e+01 1.096687869600000020e+01 3.912960033382090419e+00 1.254430838233267842e+00 4.809242365276117148e+00 7.394577294500749076e+00 1.105974263104352984e+00 1.347749982843946981e+01
1.141191653844764176e+00 1.179437580000000096e+01 5.098697472000000630e+01 1.085208744000000003e+01 4.413057953066122252e+00 0.000000000000000000e+00 4.154638534903789093e+00 6.717187197734895143e+00 1.100021183252924306e+00 9.723316563565807868e+00
1.394840379097574301e+00 1.360034214120000051e+01 5.250431147087999761e+01 1.116317174376000132e+01 4.329118620914269577e+00 0.000000000000000000e+00 4.091628876100679157e+00 5.039627464863815298e+00 6.499960286128996234e-01 1.103463649819894066e+01
8.930394587785847049e-01 4.440204575999999292e+00 5.207040052320000711e+01 1.107019082640000107e+01 4.203775045134570121e+00 1.749303058896410912e-01 3.595286653907538099e+00 4.534019067717212081e+00 -3.544284295912752403e-01 2.696604524603445796e+00
5.730101886857338345e-01 8.002544000000000324e+00 5.039176080000000013e+01 1.072454160000000023e+01 5.382472921252204223e+00 7.972357695259315591e-01 2.894778624799989597e+00 3.895118252881172971e+00 -6.549322644119865977e-01 6.067888013443496931e+00
6.026673039829351097e-01 1.093779999999999752e+01 4.883267999999999631e+01 1.042536000000000129e+01 5.515052784435012789e+00 -1.750954410330042826e-03 2.641160751644188842e+00 3.750594348649974652e+00 -3.746079361096854576e-01 9.480700034334249793e+00
-2.601138970071615875e-01 7.484090639999999794e+00 5.152266724800000475e+01 1.096687869600000020e+01 5.866841151758695361e+00 0.000000000000000000e+00 2.611154856837928140e+00 3.732428166896282651e+00 -8.989636973275266785e-01 1.093655289131647912e+01
-6.528641871892266746e-01 6.520214330819998239e+00 5.300171001379199964e+01 1.124685456938400208e+01 4.103350797324424981e+00 2.661417097636332940e+00 6.087989570569100728e+00 9.018970742834984122e+00 -3.734976710837248914e-01 1.426478685368983257e+01
1.009359358428752129e+00 1.850000000000000000e+01 4.592000000000000171e+01 9.840000000000001634e+00 4.045113004995051220e+00 1.988053887623578930e+00 2.649818952091356206e+00 3.738160152906834011e+00 4.080165770773171441e-01 1.102571879311547498e+01
1.206731553136704660e+00 2.000000000000000000e+01 4.480000000000000426e+01 9.600000000000001421e+00 3.322113316474190725e+00 3.252747782731108539e-01 2.168000000000000149e+00 3.067315292358398615e+00 3.772457839596540241e-01 1.074991704047228502e+01
1.106117753259285408e+00 1.546600000000000108e+01 4.793520000000000181e+01 1.025040000000000084e+01 4.103357542259565172e+00 6.841234916051962545e-01 3.120486047523565176e+00 4.851658906599391585e+00 6.728238922141074330e-01 1.430988013863058050e+01
1.404663804542019223e+00 1.264030792708000028e+01 5.295388032379199927e+01 1.124685456938400208e+01 4.493265921322453949e+00 6.816136048537321801e-02 4.297200133635265651e+00 5.197542171982015624e+00 6.452184855877765024e-01 1.070957801728729919e+01
1.406346310431886737e+00 1.177627713437200008e+01 5.335849229141280148e+01 1.132216911244560187e+01 4.493265921322453949e+00 6.816136048537321801e-02 4.397200133635265296e+00 5.672033291366781249e+00 8.050333280556229987e-01 1.105454175801546413e+01
8.819685330828939129e-01 3.996184118399999541e+00 5.256336047088000640e+01 1.116317174376000132e+01 4.203775045134570121e+00 1.749303058896410912e-01 3.767737186967426766e+00 4.641169627667949271e+00 -3.998903130600333089e-01 2.871489002172646465e+00
1.122362609802994404e+00 1.780000000000000071e+01 4.592000000000000171e+01 9.840000000000001634e+00 4.618307321326057036e+00 -3.453955367059747161e-04 2.280060250310000036e+00 3.200946125413805632e+00 2.800634503645408335e-01 1.005644045838965361e+01
4.810413420692159492e-01 9.644019999999997594e+00 4.964941199999999810e+01 1.058282400000000045e+01 5.593131039075077915e+00 -1.750954410330042826e-03 2.734156979489455352e+00 3.871377905363194483e+00 -5.464876522823775007e-01 9.588213901443381815e+00
-3.711381243575627153e-01 6.635681575999999637e+00 5.207040052320000711e+01 1.107019082640000107e+01 6.291861878746353831e+00 0.000000000000000000e+00 2.608341162593532214e+00 3.734166916439618067e+00 -1.016035102199170925e+00 1.124856479953596455e+01
-7.379078856830968425e-01 5.868192897737998237e+00 5.340153901241279755e+01 1.132216911244560187e+01 4.103350797324424981e+00 2.765544033132000035e+00 6.374991561057319345e+00 9.435616927538280407e+00 -4.153937646147880525e-01 1.453595685896431888e+01
8.291677485451187657e-01 1.714999999999999858e+01 4.702799999999999869e+01 1.005600000000000094e+01 4.045113004995051220e+00 1.988053887623578930e+00 3.239617899131349343e+00 4.614857920255536428e+00 4.481076988774573833e-01 1.178781834513892512e+01
1.080433801600786836e+00 1.880000000000000071e+01 4.602000000000000313e+01 9.840000000000001634e+00 3.322113316474190725e+00 4.178574506055904303e-01 2.765756491387920235e+00 3.917338371430371780e+00 5.221598779253620037e-01 1.127520948220295338e+01
1.065046440317505949e+00 1.431940000000000168e+01 4.884168000000000376e+01 1.042536000000000129e+01 4.103357542259565172e+00 6.841234916051962545e-01 3.567717032674191380e+00 5.520546798576847713e+00 8.340455628588568926e-01 1.378382445856694716e+01
1.415019142742900415e+00 1.059864942093479989e+01 5.372264306227152275e+01 1.138995220120104079e+01 4.493265921322453949e+00 2.406600262516414845e-01 4.724562103295718352e+00 5.901126551186351321e+00 8.038878526123394153e-01 9.169287534732172062e+00
8.750726615325434832e-01 3.396565706559999676e+00 5.300702442379200363e+01 1.124685456938400208e+01 4.203775045134570121e+00 1.749303058896410912e-01 3.918006151603299347e+00 4.761349927462348752e+00 -4.402374818078657048e-01 2.776323169657146650e+00
5.233790737565886531e-01 6.702289600000000291e+00 5.105258471999999870e+01 1.085208744000000003e+01 5.800152300489614277e+00 7.968037687654166978e-01 3.053113442545149159e+00 4.018830063133739472e+00 -7.943812325272814334e-01 5.858375462478730533e+00
6.449417691893462035e-01 1.281199999999999939e+01 4.793520000000000181e+01 1.025040000000000084e+01 4.956404855564305656e+00 -8.891181816095259684e-04 2.543469923309652270e+00 3.748248412640486027e+00 -3.472709087211420798e-01 9.289316343062491654e+00
-4.700372751143332972e-01 5.872113418399999674e+00 5.256336047088000640e+01 1.116317174376000132e+01 6.296855250897837486e+00 0.000000000000000000e+00 2.554600123314620053e+00 3.567558622507142729e+00 -1.157359707890047718e+00 1.151387574645967504e+01
-8.144472143275800491e-01 5.281373607964198413e+00 5.376138511117152063e+01 1.138995220120104079e+01 4.103020139114768483e+00 3.297333681124931193e+00 6.605094979924476029e+00 9.665404036106600927e+00 -5.071280449638341237e-01 1.461546538329749900e+01
6.705745881549152188e-01 1.583499999999999908e+01 4.802519999999999811e+01 1.025040000000000084e+01 4.045113004995051220e+00 1.988053887623578930e+00 3.732552104753299016e+00 5.230828178794719285e+00 4.178778531414198416e-01 1.234919065216923784e+01
9.734130752992985469e-01 1.732000000000000028e+01 4.711800000000000210e+01 1.005600000000000094e+01 2.988201794335148875e+00 5.671279907186128622e-01 3.255001320717133328e+00 4.607029656098418080e+00 5.723110021310595652e-01 1.169016563422968602e+01
1.705079113056767515e+00 1.398746000000000222e+01 4.965751200000000409e+01 1.058282400000000045e+01 4.103357542259565172e+00 6.841234916051962545e-01 3.911104560674842467e+00 5.995527089881675487e+00 8.685594242664919085e-01 1.377282316368308734e+01
2.766591862010634451e+00 1.063878447884131973e+01 5.405037875604436692e+01 1.145095698108093707e+01 4.474694418609918678e+00 3.199423238175626016e-01 4.866454348782939476e+00 5.898563556195498769e+00 7.688903340658305163e-01 8.348898145625589962e+00
1.559669058615061887e+00 2.256909135903999442e+00 5.340632198141280185e+01 1.132216911244560187e+01 4.203775045134570121e+00 1.749303058896410912e-01 4.054170418999368586e+00 4.850610395695535537e+00 -5.150926572227101374e-01 1.803699941577692645e+00
5.221738593104511272e-01 5.232060640000000262e+00 5.164732624799999883e+01 1.096687869600000020e+01 5.888865562764081574e+00 7.962692508158284443e-01 3.189395151769465198e+00 4.176054120293063221e+00 -9.291460264155914084e-01 5.563552677697058968e+00
-1.507499166217440845e-01 1.113079999999999892e+01 4.884168000000000376e+01 1.042536000000000129e+01 4.956404855564305656e+00 -8.891181816095259684e-04 2.640409991251725597e+00 3.764594830634091949e+00 -5.688159528562588552e-01 9.669846754508764519e+00
-1.941674527609684953e+00 4.484902076559999173e+00 5.300702442379200363e+01 1.124685456938400208e+01 6.274365365751589430e+00 0.000000000000000000e+00 2.497150644331741276e+00 3.368343448598670076e+00 -1.303577190003422537e+00 1.246864714863984425e+01
-2.236303665022750575e+00 4.753236247167778927e+00 5.408524660005436857e+01 1.145095698108093707e+01 4.102723310930790568e+00 3.509202923675216468e+00 6.825106683645123518e+00 9.840449245375758380e+00 -5.874216457132622748e-01 1.677414903705556881e+01
-1.276803795527320373e-01 1.465149999999999864e+01 4.892267999999999972e+01 1.042536000000000129e+01 4.045113004995051220e+00 1.988053887623578930e+00 4.185069872795260437e+00 5.771929408536855988e+00 3.949211910701877493e-01 1.544150125446730115e+01
9.220911914059379821e-01 1.638800000000000168e+01 4.810620000000000118e+01 1.025040000000000084e+01 2.687672475096266833e+00 7.555947971823379072e-01 3.699748927878886651e+00 5.245875713409128061e+00 6.215951684323253179e-01 1.531371982331318193e+01
2.316901403572767748e+00 1.338871400000000200e+01 5.039176080000000013e+01 1.072454160000000023e+01 4.103357542259565172e+00 6.841234916051962545e-01 4.221257097525934476e+00 6.523024630332263207e+00 8.988476975724416507e-01 1.716526589212074327e+01
3.998347117230451886e+00 1.287490603095718811e+01 5.434534088043992739e+01 1.150586128297284283e+01 4.424571547954311512e+00 4.474614337849380230e-01 4.993807191049918437e+00 6.076011748797621514e+00 7.331407943902109592e-01 1.237765603251754598e+01
2.175805815989328540e+00 2.031218222313599497e+00 5.376568978327151882e+01 1.138995220120104079e+01 4.203775045134570121e+00 1.749303058896410912e-01 4.174816235938632047e+00 4.958024608800212008e+00 -5.926749385222096489e-01 3.249850293804597445e+00
4.750697426723581307e-01 4.708854576000000236e+00 5.218259362319999894e+01 1.107019082640000107e+01 5.909450775708360304e+00 7.956422191360027485e-01 3.308421089171968976e+00 4.297943571663399354e+00 -1.078499383070853801e+00 6.843347531063347589e+00
-8.924387803164860467e-01 9.817719999999999558e+00 4.965751200000000409e+01 1.058282400000000045e+01 4.956404855564305656e+00 -8.891181816095259684e-04 2.722548272867589603e+00 3.755444841581685900e+00 -8.047682095821989678e-01 1.078358849417158893e+01
-3.266148054855501304e+00 4.136411868903999256e+00 5.340632198141280185e+01 1.132216911244560187e+01 6.229205598772473707e+00 0.000000000000000000e+00 2.435767184679178410e+00 3.385155757815514477e+00 -1.434818211999405957e+00 1.388892304161586289e+01
-3.515974470648403738e+00 4.277912622451000679e+00 5.437672194004893100e+01 1.150586128297284283e+01 4.102456909270825847e+00 4.097155905468593318e+00 7.034364022290247043e+00 1.023338997212765911e+01 -6.579964344742860183e-01 1.795262057695422087e+01
-8.512231197825667062e-01 1.388634999999999842e+01 4.973041200000000117e+01 1.058282400000000045e+01 4.045113004995051220e+00 1.988053887623578930e+00 4.599804339162048450e+00 6.484722484456451497e+00 3.767856721128949316e-01 1.725347601547968424e+01
9.065811116596262931e-01 1.544920000000000115e+01 4.899558000000000391e+01 1.042536000000000129e+01 2.417201998670371221e+00 9.265650638339147926e-01 4.103378439943803357e+00 5.928641292969400567e+00 6.699117743492859489e-01 1.683101345077941957e+01
2.944240504431450134e+00 1.264984260000000127e+01 5.105258471999999870e+01 1.085208744000000003e+01 4.103357542259565172e+00 6.841234916051962545e-01 4.500677869859504021e+00 7.049180345937501535e+00 9.251529466208193719e-01 1.816208260598141422e+01
5.106926846928287134e+00 1.388741542786146965e+01 5.461080679239593394e+01 1.155527515467555943e+01 4.349405687705970358e+00 6.393461555884654146e-01 5.107324705473441639e+00 6.205596965715386659e+00 6.870848101338526970e-01 1.355242829438306273e+01
2.704762551161407735e+00 1.428096400082239370e+00 5.408912080494436481e+01 1.145095698108093707e+01 4.203775045134570121e+00 1.749303058896410912e-01 4.280834691421579130e+00 5.145651444035972411e+00 -6.793686656948537683e-01 3.245245336849549744e+00
4.071096912333137530e-01 3.837969118400000212e+00 5.266433426087999692e+01 1.116317174376000132e+01 5.878915459170297453e+00 7.949351073425667824e-01 3.411374389349316250e+00 4.466604063759187504e+00 -1.230252478652136050e+00 6.885038835441713800e+00
-1.595751642692418759e+00 8.435947999999999780e+00 5.039176080000000013e+01 1.072454160000000023e+01 4.956404855564305656e+00 -8.891181816095259684e-04 2.790926697098462306e+00 3.857224100096989794e+00 -1.033055149058754285e+00 1.088832098715580265e+01
-4.458174229376735909e+00 3.222770682013599508e+00 5.376568978327151882e+01 1.138995220120104079e+01 6.165569536232509584e+00 0.000000000000000000e+00 2.370396520540264174e+00 3.394635376133624760e+00 -1.560347076582270454e+00 1.421359855939472716e+01
-4.667678195711491895e+00 3.850121360205900345e+00 5.463904974604403719e+01 1.155527515467555943e+01 4.102217871089964163e+00 4.549642281282853418e+00 7.232370749322472037e+00 1.062005129890506261e+01 -7.298221967301382618e-01 1.862604126636617963e+01
-1.492185047403513654e+00 1.289771499999999804e+01 5.045737079999999963e+01 1.072454160000000023e+01 4.045113004995051220e+00 1.988053887623578930e+00 4.979207333989877249e+00 7.196396712003751972e+00 3.504284552434959732e-01 1.838571680050354828e+01
8.517158855443286436e-01 1.460428000000000104e+01 4.979602200000000067e+01 1.058282400000000045e+01 2.173795877466027537e+00 1.133837753915072577e+00 4.468984645221195429e+00 6.669554953198034930e+00 6.991332534957808154e-01 1.801953448220890053e+01
3.416806847931125546e+00 1.168485834000000168e+01 5.164732624799999883e+01 1.096687869600000020e+01 4.103357542259565172e+00 6.841234916051962545e-01 4.751651494621528471e+00 7.571481009342382329e+00 9.367945154260332030e-01 1.882807838400852418e+01
6.104648603656339212e+00 1.579867388507532233e+01 5.484972611315634339e+01 1.159974763920800278e+01 4.254718374226285960e+00 8.305942198013689381e-01 5.207667973474141121e+00 6.345673782147508213e+00 6.456631192066452085e-01 1.483005653171280613e+01
3.206389959281039648e+00 4.852867600740153886e-01 5.438020872444992904e+01 1.150586128297284283e+01 4.203775045134570121e+00 1.749303058896410912e-01 4.373048324094786388e+00 5.226575511428510623e+00 -7.565016816005322164e-01 2.041811392853081220e+00
3.663987221099823666e-01 2.654172206560000191e+00 5.309790083479200007e+01 1.124685456938400208e+01 5.810701235552292232e+00 7.941470135341145431e-01 3.499329570327575745e+00 4.593602555546896227e+00 -1.368663370027875636e+00 6.172663530156643041e+00
-2.233846488123710561e+00 6.792353199999999980e+00 5.105258471999999870e+01 1.085208744000000003e+01 4.956404855564305656e+00 -8.891181816095259684e-04 2.846482197324401220e+00 3.928898755378155805e+00 -1.241341434320299530e+00 1.070011653924794004e+01
-5.530997786445847275e+00 2.100493613812239424e+00 5.408912080494436481e+01 1.145095698108093707e+01 6.087098663863469206e+00 0.000000000000000000e+00 2.301123765037196289e+00 3.172215693715936702e+00 -1.673589344135439028e+00 1.488588619610376540e+01
-5.704211548268270704e+00 3.465109224185310310e+00 5.487514477143963632e+01 1.159974763920800278e+01 4.102003439880665958e+00 4.850218229576457318e+00 7.418778412156871838e+00 1.075010002690025779e+01 -7.939602935648120141e-01 2.028312204886166370e+01
-2.063937512969413746e+00 1.210794349999999753e+01 5.111163372000000038e+01 1.085208744000000003e+01 4.045113004995051220e+00 1.988053887623578930e+00 5.325567338842829734e+00 7.635679953930317510e+00 3.276445665400956608e-01 2.069213884675612647e+01
8.023371820405607036e-01 1.384385200000000182e+01 5.051641980000000132e+01 1.072454160000000023e+01 1.954756273943027312e+00 1.319254274627108536e+00 4.799409393809885849e+00 7.125252571358851483e+00 7.254272543449500343e-01 2.041393995285745078e+01
3.888135980717402962e+00 1.121637250600000080e+01 5.218259362319999894e+01 1.107019082640000107e+01 4.103357542259565172e+00 6.841234916051962545e-01 4.976271565342258896e+00 7.779564569052392464e+00 9.472374738011611894e-01 2.099297123143477961e+01
7.002598184711586349e+00 1.741880649656778957e+01 5.506475350184071260e+01 1.163977287528720339e+01 4.145176629005563385e+00 9.673292144287245486e-01 5.295466221069106361e+00 6.264512527490178506e+00 6.015637286773100056e-01 1.725526334756838409e+01
3.632288280123947999e+00 3.367580840666138386e-01 5.464218785200493755e+01 1.155527515467555943e+01 4.203775045134570121e+00 1.749303058896410912e-01 4.452226338020232710e+00 5.211117738292139201e+00 -8.335060190403754676e-01 2.607788694432832788e+00
3.297588498989841299e-01 1.888754985904000261e+00 5.348811075131280290e+01 1.132216911244560187e+01 5.715393827679616123e+00 7.932809833700233959e-01 3.573273891774428002e+00 4.604446229988773176e+00 -1.498064272501782090e+00 6.497021043700115683e+00
-2.797905310425968572e+00 6.013117880000000248e+00 5.164732624799999883e+01 1.096687869600000020e+01 4.956404855564305656e+00 -8.891181816095259684e-04 2.890070040376811811e+00 3.967392401330315455e+00 -1.433675912595055779e+00 1.122636409300308280e+01
-6.496538987808047949e+00 1.790444252431015570e+00 5.438020872444992904e+01 1.150586128297284283e+01 5.996943828916613484e+00 0.000000000000000000e+00 2.228143308098728959e+00 3.106287703544507117e+00 -1.782274439679757849e+00 1.526196164452458248e+01
-6.637091565569372520e+00 3.118598301766779102e+00 5.508763029429567126e+01 1.163977287528720339e+01 4.101811135113996087e+00 4.977601532134062978e+00 7.593369433896040022e+00 1.102931511490044159e+01 -8.593144626324885627e-01 2.097912744234079696e+01
-2.583628001271676133e+00 1.089714914999999706e+01 5.170047034800000318e+01 1.096687869600000020e+01 4.045113004995051220e+00 1.988053887623578930e+00 5.641025260032356492e+00 8.184420292529555496e+00 2.979700384160717808e-01 2.175805158532019234e+01
7.630096181801216959e-01 1.285946680000000164e+01 5.116477781999999763e+01 1.085208744000000003e+01 1.757652877917438294e+00 1.487036227374276320e+00 5.097269077913019864e+00 7.722690471899691822e+00 7.375380467198855428e-01 2.212784532873946475e+01
4.286765853760291733e+00 1.049473525540000018e+01 5.266433426087999692e+01 1.116317174376000132e+01 4.103357542259565172e+00 6.841234916051962545e-01 5.176464306397697612e+00 8.205649785011054576e+00 9.413671593250414471e-01 2.289412702927276300e+01
7.810752807661308417e+00 1.847692584691101203e+01 5.525827815165663992e+01 1.167579558775848270e+01 4.024708681977368308e+00 1.095878227901923019e+00 5.371325416049946178e+00 6.491635313654338546e+00 5.467431187969834516e-01 1.987486020005539089e+01
3.984917153124852618e+00 -9.691772434004758408e-02 5.487796906680444664e+01 1.159974763920800278e+01 4.203775045134570121e+00 1.749303058896410912e-01 4.519096541671039802e+00 5.392209313991714659e+00 -9.207746207655306270e-01 4.362730343940871336e+00
2.405370026866122113e-01 8.998794873136001238e-01 5.383929967618152546e+01 1.138995220120104079e+01 5.601293840308271044e+00 7.923425126201920632e-01 3.634124389858192306e+00 4.700833455701262764e+00 -1.630841295667595281e+00 8.674520089428956027e+00
-3.336237866255713946e+00 5.011806092000000490e+00 5.218259362319999894e+01 1.107019082640000107e+01 4.956404855564305656e+00 -8.891181816095259684e-04 2.922482132847396219e+00 3.951507649197302463e+00 -1.616624363793964569e+00 1.446228271799533260e+01
-7.365526069034028289e+00 3.911399827187914013e+00 5.464218785200493755e+01 1.155527515467555943e+01 5.897820870208036581e+00 0.000000000000000000e+00 2.151734036830657004e+00 3.127468547530382281e+00 -1.887215052901682899e+00 1.936162034500945595e+01
-7.476683581140363799e+00 2.806738471590101369e+00 5.527886726486610769e+01 1.167579558775848270e+01 4.101638724711500039e+00 5.319514122893599151e+00 7.756041722275817563e+00 1.139799246416747280e+01 -9.260814866636334353e-01 2.173931444963103488e+01
1.458373942301006698e-01 1.070771075999999944e+01 5.164732624799999883e+01 1.096687869600000020e+01 4.103046541782406464e+00 8.644509476826079952e-01 5.306485957943639420e+00 7.892948273915657786e+00 5.902993882362796985e-01 1.429352585325070457e+01
5.994561568668298479e-01 1.066707888400000037e+01 5.207040052320000711e+01 1.107019082640000107e+01 4.135466162165220894e+00 1.345772074468864821e+00 5.094623831549619730e+00 7.804179616843301304e+00 1.154279370784014880e+00 1.316894196216012602e+01
1.118088681874835899e+00 1.101493822000000122e+01 5.158827724800000425e+01 1.096687869600000020e+01 4.413057953066122252e+00 0.000000000000000000e+00 4.433351700804605500e+00 7.150355253548259071e+00 1.160856815891768923e+00 9.876089211488608299e+00
8.532978699023106017e+00 2.002923326221991118e+01 5.543245033649097309e+01 1.170821602898263514e+01 3.896605090409229977e+00 1.095878227901923019e+00 5.435834749621016648e+00 6.669052836357437286e+00 5.004127516375168616e-01 1.936522710341376552e+01
4.302283138825666597e+00 -8.872259519060428090e-01 5.509017216012399842e+01 1.163977287528720339e+01 4.203775045134570121e+00 1.749303058896410912e-01 4.574354565014329133e+00 5.526787518663943466e+00 -9.940930329314956460e-01 1.089477086724645272e+00
1.602373401954774734e-01 9.891538582240122501e-03 5.415536970856337007e+01 1.145095698108093707e+01 5.395143489847257001e+00 7.923425126201920632e-01 3.682741321552164493e+00 4.753840781552558958e+00 -1.742941505128444257e+00 5.187969892795558202e+00
-3.851416782260197458e+00 3.710625482800000263e+00 5.266433426087999692e+01 1.116317174376000132e+01 4.956404855564305656e+00 -8.891181816095259684e-04 2.944461196619675647e+00 3.928330412640209435e+00 -1.770618170691673043e+00 1.060111610605949295e+01
-8.232316395154255062e+00 2.526064624431091143e+00 5.545098053837949692e+01 1.170821602898263514e+01 4.101638724711500039e+00 4.857977621626948128e+00 7.884833808022841950e+00 1.161572510592438334e+01 -9.304588100332091827e-01 2.022491047321753399e+01
-3.082029056501424780e+00 1.030743423499999700e+01 5.223042331320000642e+01 1.107019082640000107e+01 4.045113004995051220e+00 1.988053887623578930e+00 5.927588266439186349e+00 8.737307746574387579e+00 2.669108527010952692e-01 2.270029788261641457e+01
7.225015414127744506e-01 1.237352012000000201e+01 5.174830003799999645e+01 1.096687869600000020e+01 1.578612572567230421e+00 2.199395411490206786e+00 5.364978660822756318e+00 8.283692457081066607e+00 7.535813252385280547e-01 2.286501490324425845e+01
4.625079662327083341e+00 1.024526172986000105e+01 5.309790083479200007e+01 1.124685456938400208e+01 4.103357542259565172e+00 6.841234916051962545e-01 5.354008817576885626e+00 8.610255399506900886e+00 9.410701755264484492e-01 2.290463576294362014e+01
9.172755462662820491e+00 1.952630993599791864e+01 5.558920530284187578e+01 1.173739442608437145e+01 3.763679516861382357e+00 1.228606406284265651e+00 5.480640849129221337e+00 6.772515275143201841e+00 5.138923925345995070e-01 1.990104409058790935e+01
4.562346179491638232e+00 -1.598503356715438528e+00 5.528115494411159858e+01 1.167579558775848270e+01 4.203775045134570121e+00 1.749303058896410912e-01 4.608748029424188708e+00 5.581786372123618278e+00 -9.886575249797443510e-01 2.693692649702809749e+00
6.240129748869552295e-02 -7.910976152759838786e-01 5.443983273770703590e+01 1.150586128297284283e+01 5.449117458198360353e+00 7.915029350576261447e-01 3.708913309058915697e+00 4.717187705324166203e+00 -1.749299090067375717e+00 7.780039559375616420e+00
-4.355983961007849459e+00 2.939562934520000059e+00 5.309790083479200007e+01 1.124685456938400208e+01 4.956404855564305656e+00 -8.891181816095259684e-04 2.760555293184191239e+00 3.713582161816367577e+00 -1.786251841159487208e+00 1.435060438687606954e+01
-8.917499197059710170e+00 4.373458161987982429e+00 5.560588248454154581e+01 1.173739442608437145e+01 4.101638724711500039e+00 4.809551998442020526e+00 8.007656270496712025e+00 1.181359709530236124e+01 -9.548414165270103782e-01 2.447947858067395188e+01
-3.510136929036390185e+00 1.007669081149999712e+01 5.270738098188000720e+01 1.116317174376000132e+01 4.045113004995051220e+00 1.988053887623578930e+00 6.170418284919448659e+00 9.126645556702685624e+00 2.772591176230760346e-01 2.496870383688141359e+01
7.116106187869226662e-01 1.193616810800000216e+01 5.227347003419999538e+01 1.107019082640000107e+01 1.576916258620198796e+00 3.055986364074494421e+00 5.586190859758206173e+00 8.684524733078506031e+00 8.017155468999631607e-01 2.497685313934920615e+01
1.916441747832832831e+00 9.913444398000001101e+00 5.212944952320000169e+01 1.107019082640000107e+01 4.413057953066122252e+00 0.000000000000000000e+00 4.673925495243631545e+00 7.635552502817906984e+00 1.192361106305604546e+00 1.134925434650947729e+01
9.763894357817418879e+00 2.107367894239812500e+01 5.573028477255768820e+01 1.176365498347593430e+01 3.643814449218104823e+00 1.208634464616154425e+00 5.506458503969131613e+00 6.827633724345624877e+00 5.407450484356848275e-01 2.321971877123090167e+01
4.821969262555773739e+00 -1.938653021043894586e+00 5.545303944970044085e+01 1.170821602898263514e+01 4.203775045134570121e+00 1.749303058896410912e-01 4.623200181435759504e+00 5.588465120797105889e+00 -9.685514475578623772e-01 4.596411720176823756e+00
-1.542460236150396125e-02 -1.111987853748385602e+00 5.469584946393633373e+01 1.155527515467555943e+01 5.256315918524552266e+00 7.915029350576261447e-01 3.713841780223468891e+00 4.744243357447555098e+00 -1.741087291735128995e+00 1.041483898077464687e+01
-4.774301536830071413e+00 1.845606641068000098e+00 5.348811075131280290e+01 1.132216911244560187e+01 4.956404855564305656e+00 -8.891181816095259684e-04 2.574818916734414653e+00 3.632440057805658373e+00 -1.785823256805053827e+00 1.752807791891497047e+01
-9.534163718774619767e+00 6.336112345789183919e+00 5.574529423608738909e+01 1.176365498347593430e+01 4.101638724711500039e+00 4.737582769936333982e+00 8.108010884795204376e+00 1.213605944215894894e+01 -9.654567886458428339e-01 2.872923567445307569e+01
-5.641509690344000960e-01 9.636939683999999673e+00 5.218259362319999894e+01 1.107019082640000107e+01 4.101313392081582521e+00 1.339822198978469547e+00 5.610650027032797027e+00 8.433178012200556850e+00 5.864247430951716744e-01 1.473413280706602890e+01
7.376016734743210401e-01 1.114255129720000248e+01 5.274612303077999798e+01 1.116317174376000132e+01 1.576916258620198796e+00 3.025037223667488284e+00 5.767251206820835918e+00 9.115355727553943410e+00 8.631794307245138631e-01 2.694675066700447985e+01
4.975581513673764888e+00 9.320735556874000238e+00 5.348811075131280290e+01 1.132216911244560187e+01 4.103357542259565172e+00 6.841234916051962545e-01 5.489907910088038356e+00 8.835296575184496959e+00 9.934957277196951875e-01 2.518399672445758242e+01
1.028569282487065273e+01 2.226631104815831108e+01 5.585725629530192293e+01 1.178728948512834052e+01 3.643814449218104823e+00 1.287930115398839614e+00 5.515543581412083896e+00 6.947072052429076550e+00 5.526022020604972607e-01 2.653384182858757967e+01
5.030063690848734836e+00 -1.544787718939505172e+00 5.560773550473039961e+01 1.173739442608437145e+01 4.203775045134570121e+00 1.749303058896410912e-01 4.620323414431637410e+00 5.673825764472043787e+00 -9.641622278578625416e-01 6.337288297715041097e+00
-1.263740665703005916e-01 -1.200789068373547153e+00 5.492626451754269823e+01 1.159974763920800278e+01 5.316231144689420596e+00 7.907876016644929118e-01 3.700574083686920535e+00 4.768959618436737102e+00 -1.745548334228312903e+00 1.164974497998708358e+01
-5.227486394464353481e+00 1.761045976961200132e+00 5.383929967618152546e+01 1.138995220120104079e+01 4.956404855564305656e+00 -8.891181816095259684e-04 2.392628237333487284e+00 3.329453443472421448e+00 -1.791970438134940835e+00 1.855802388931509128e+01
-8.142501172844458068e+00 1.120259844469122523e+00 5.487796906680444664e+01 1.159974763920800278e+01 5.709448975114565172e+00 0.000000000000000000e+00 2.052473510319912542e+00 3.010681070358564249e+00 -1.947773742070452840e+00 1.611793905098589264e+01
-1.008404851902508526e+01 5.702501111210265705e+00 5.587076481247864734e+01 1.178728948512834052e+01 4.101484663359584282e+00 5.044396804007286406e+00 8.223227982175126627e+00 1.221822288823964620e+01 -1.003754557933008051e+00 2.862429362305197955e+01
-3.859641129267194160e+00 9.569021730349996702e+00 5.313664288369200506e+01 1.124685456938400208e+01 4.045113004995051220e+00 1.988053887623578930e+00 6.374949854759690560e+00 9.649519824568356441e+00 2.988629094098990691e-01 2.685955352833520493e+01
7.405405455211709898e-01 1.072829616748000170e+01 5.317151072770199960e+01 1.124685456938400208e+01 1.417730536440342748e+00 2.978671088015469426e+00 5.965842659876686938e+00 9.420654852168780735e+00 8.694735346232985718e-01 2.701739227049453973e+01
5.331939334229395477e+00 8.988662001186600747e+00 5.383929967618152546e+01 1.138995220120104079e+01 4.103357542259565172e+00 6.841234916051962545e-01 5.630269890898182972e+00 9.069347501252721599e+00 9.878070133719358825e-01 2.490032090786888119e+01
1.076553798380446736e+01 2.103967994334248104e+01 5.597153066577173064e+01 1.180856053661550575e+01 3.535790152586778312e+00 1.280402222755637309e+00 5.557541818831795766e+00 7.014141715975100944e+00 4.979605174361623754e-01 2.546988204344494022e+01
5.268481369241921008e+00 -1.490308947045554611e+00 5.574696195425735823e+01 1.176365498347593430e+01 4.203775045134570121e+00 1.749303058896410912e-01 4.655345919006922628e+00 5.703484706680354677e+00 -1.043036301153690504e+00 6.930914321423951030e+00
-1.546428142568876396e-01 -1.580710161536192482e+00 5.513363806578843196e+01 1.163977287528720339e+01 5.203828363956476188e+00 7.896726965949516508e-01 3.730571236631094578e+00 4.764799741273733957e+00 -1.860939375725638500e+00 1.182189963106871922e+01
-5.533087380476164441e+00 1.384941379265080208e+00 5.415536970856337007e+01 1.145095698108093707e+01 4.956404855564305656e+00 -8.891181816095259684e-04 2.487016940001545162e+00 3.374945134478571696e+00 -1.947414291570086053e+00 1.869605904043775269e+01
-1.057894483925050544e+01 5.132251000089238957e+00 5.598368833123078048e+01 1.180856053661550575e+01 4.101484663359584282e+00 4.775127875453508253e+00 8.310912684050583366e+00 1.233584900646737204e+01 -1.018112591492986052e+00 2.880395012144830957e+01
-4.199761255939677973e+00 9.112119557314997564e+00 5.352297859532280455e+01 1.132216911244560187e+01 4.045113004995051220e+00 1.988053887623578930e+00 6.566630426556357314e+00 9.945371280803577463e+00 3.078829325335897260e-01 2.802169382540546039e+01
7.227324531915273464e-01 1.005546655073200135e+01 5.355435965493180106e+01 1.132216911244560187e+01 1.416110200807155550e+00 3.288722003946670913e+00 6.113166316859984128e+00 9.631174185375794394e+00 9.116982139558988951e-01 2.834837225269814454e+01
5.632208295557654232e+00 8.489795801067939962e+00 5.415536970856337007e+01 1.145095698108093707e+01 4.103357542259565172e+00 6.841234916051962545e-01 5.720137595210569081e+00 9.293169847003628803e+00 1.031008990948016235e+00 2.657897942072728981e+01
1.119739862684490106e+01 2.223571194900823400e+01 5.607437759919455544e+01 1.182770448295395482e+01 3.422678344850416554e+00 1.401699946547410036e+00 5.554364609408490416e+00 7.072801890629349053e+00 5.185958996222888029e-01 2.735817641136525324e+01
5.457490933331028415e+00 -2.141278052340999327e+00 5.587226575883162383e+01 1.178728948512834052e+01 4.203775045134570121e+00 1.749303058896410912e-01 4.640948564072679972e+00 5.727079668605520091e+00 -1.026358070852116944e+00 7.457723974938713418e+00
-2.209908415184330677e-01 -2.222639145382573567e+00 5.532027425920959018e+01 1.167579558775848270e+01 5.084724879508352835e+00 7.886482284477770444e-01 3.706215806968139681e+00 4.723494372452128331e+00 -1.850356553498230028e+00 1.306865163484726722e+01
-5.864374230109267394e+00 4.464472413385722760e-01 5.443983273770703590e+01 1.150586128297284283e+01 4.956404855564305656e+00 -8.891181816095259684e-04 2.304841027512918750e+00 3.160883331241940208e+00 -1.936651781621857360e+00 2.070582747529693890e+01
-8.846892035566796153e+00 8.082338600222103153e-01 5.509017216012399842e+01 1.163977287528720339e+01 5.507126352565279603e+00 0.000000000000000000e+00 1.926142390975832619e+00 2.815476469727659303e+00 -2.007510089551348020e+00 1.728835854286481322e+01
-1.102435152745338343e+01 6.719025900080315417e+00 5.608531949810770101e+01 1.182770448295395482e+01 4.101346922680397356e+00 5.147109747702664606e+00 8.414546870674399770e+00 1.249871883538519945e+01 -1.055629998951892246e+00 3.114603569987118803e+01
-4.490529562066057245e+00 8.600907601583497097e+00 5.387068073579052196e+01 1.138995220120104079e+01 4.045113004995051220e+00 1.988053887623578930e+00 6.764477551415512657e+00 1.023455834221289784e+01 2.885300185402471795e-01 2.821391053553386641e+01
6.417759270391896198e-01 9.600370995600000512e+00 5.256336047088000640e+01 1.116317174376000132e+01 4.135466162165220894e+00 1.544295126197561707e+00 5.345013033470240593e+00 8.263074459189976295e+00 1.179652122288990634e+00 1.402915727963066139e+01
2.629846237902077721e+00 9.322099958200000813e+00 5.261650457088000366e+01 1.116317174376000132e+01 4.480786332521181414e+00 0.000000000000000000e+00 4.865355365814838962e+00 8.113204789130064043e+00 1.213879833372206285e+00 1.488247518148630100e+01
1.157584666699538722e+01 2.271214075410740918e+01 5.616693983927510203e+01 1.184493403465855899e+01 3.320745828445347492e+00 1.401699946547410036e+00 5.583162596551438206e+00 7.007299208931317303e+00 4.665310206121871528e-01 2.716670792435249382e+01
5.627599541011225170e+00 -2.427150247106899528e+00 5.598503918294846216e+01 1.180856053661550575e+01 4.203775045134570121e+00 1.749303058896410912e-01 4.663325888157711319e+00 5.615102051663741101e+00 -1.097997329112016418e+00 5.801567818673566634e+00
-2.500244502961111448e-01 -2.400375230844316032e+00 5.548824683328862761e+01 1.170821602898263514e+01 4.920985830905840075e+00 7.886482284477770444e-01 3.723827584518679235e+00 4.654041984841152946e+00 -1.949350707346195533e+00 1.113108471019204870e+01
-6.111399701849538957e+00 1.802517204715026189e-03 5.469584946393633373e+01 1.155527515467555943e+01 4.956404855564305656e+00 -8.891181816095259684e-04 2.393716150309117996e+00 3.237812559347714725e+00 -2.068357245424072399e+00 1.808679290106483251e+01
-1.142521754683597379e+01 6.047123310072283431e+00 5.617678754829692878e+01 1.184493403465855899e+01 4.101346922680397356e+00 4.727463839881889562e+00 8.470452611333978865e+00 1.252242175178048988e+01 -1.055552484227443744e+00 2.947457912771247734e+01
-1.203140495972450985e+00 9.473245715599999173e+00 5.266433426087999692e+01 1.116317174376000132e+01 4.099561768981155652e+00 2.108886447320392765e+00 5.905042452761867011e+00 8.904846655587737914e+00 5.455791040548870763e-01 1.663449927349399360e+01
6.900902587802176802e-01 9.040333896039999928e+00 5.300702442379200363e+01 1.124685456938400208e+01 4.135466162165220894e+00 1.641319290696984234e+00 5.540895106557328198e+00 8.578970312305798984e+00 1.197239906803173159e+00 1.373976601529328612e+01
3.297476625429159203e+00 8.789889962380000199e+00 5.305485411379200400e+01 1.124685456938400208e+01 4.541554719493866799e+00 0.000000000000000000e+00 5.025186298984424482e+00 8.358321111956929172e+00 1.234445751859867491e+00 1.408534428308080066e+01
1.191133663383787322e+01 2.044092667869666968e+01 5.625024585534759325e+01 1.186044063119270220e+01 3.320745828445347492e+00 1.401699946547410036e+00 5.569885052213577659e+00 6.927983385790377646e+00 4.824602921325615301e-01 2.429324888697147244e+01
5.755130941458641125e+00 -2.584435222396209486e+00 5.608653526465361949e+01 1.182770448295395482e+01 4.203775045134570121e+00 1.749303058896410912e-01 4.639666028714946933e+00 5.494672889820617634e+00 -1.082868491822461809e+00 5.491800677017971033e+00
-3.681935454691598886e-01 -2.660337707759884651e+00 5.563942214995976343e+01 1.173739442608437145e+01 4.920985830905840075e+00 7.886482284477770444e-01 3.690816441097723111e+00 4.545440015497375086e+00 -1.934677658058427507e+00 1.080304163232476178e+01
-6.502460513083203608e+00 -4.983777345157565097e-01 5.492626451754269823e+01 1.159974763920800278e+01 4.956404855564305656e+00 -8.891181816095259684e-04 2.185381746594949881e+00 3.094482495407182121e+00 -2.043581252997043851e+00 1.777149126051498840e+01
-1.178599696428030441e+01 5.642410979065054732e+00 5.625910879346723448e+01 1.196044063119270362e+01 4.101346922680397356e+00 4.707566466271251748e+00 8.504938401685917526e+00 1.272292307621853169e+01 -1.038186123298614483e+00 2.873354962856134875e+01
-1.742438185166031772e+00 8.625921144039999433e+00 5.309790083479200007e+01 1.134685456938400172e+01 4.097770135528551627e+00 2.752071362486747663e+00 6.117294459660920225e+00 9.344290370132762646e+00 5.586773965839911815e-01 1.662585732589025511e+01
7.949323888625685619e-01 8.136300506435999225e+00 5.340632198141280185e+01 1.132216911244560187e+01 4.135466162165220894e+00 1.642516243939187159e+00 5.706080374912337660e+00 8.902727636181312576e+00 1.230824950832516196e+00 1.428122929200215374e+01
3.975043013597814312e+00 8.010900966141999646e+00 5.344936870241280502e+01 1.132216911244560187e+01 4.596035196589459026e+00 0.000000000000000000e+00 5.154915353553644941e+00 8.595379015279142720e+00 1.265382418439501722e+00 1.509980474321983301e+01
1.221327760399610973e+01 2.069683401082700414e+01 5.632522126981283606e+01 1.187439656807343269e+01 3.320745828445347492e+00 1.401699946547410036e+00 5.542395251376140308e+00 6.870150995523615300e+00 4.981592681804081768e-01 2.470315750715898773e+01
5.869909201861315040e+00 -2.425991700156588493e+00 5.617788173818825470e+01 1.184493403465855899e+01 4.203775045134570121e+00 1.749303058896410912e-01 4.601368363728752797e+00 5.403002898227615702e+00 -1.067860983689414400e+00 5.021268854672325865e+00
-4.745457311249037802e-01 -2.494303936983896186e+00 5.577547993496378353e+01 1.176365498347593430e+01 4.920985830905840075e+00 7.886482284477770444e-01 3.642580100848309854e+00 4.453186677995438991e+00 -1.920024847335605633e+00 9.628877310594941008e+00
-6.854415243193502150e+00 -6.485399610641808810e-01 5.513363806578843196e+01 1.163977287528720339e+01 4.956404855564305656e+00 -8.891181816095259684e-04 1.989250184662415100e+00 2.720437976321085749e+00 -2.018733533229376320e+00 1.560859070315202146e+01
-1.211069843998020268e+01 2.878169881158548993e+00 5.633319791412051103e+01 1.196439656807343255e+01 4.101346922680397356e+00 4.398758709108133047e+00 8.529834638049205608e+00 1.265114944339033620e+01 -1.020169957193600707e+00 2.512235213489598351e+01
-2.263598990490919505e+00 8.463329029636000200e+00 5.348811075131280290e+01 1.141216911244560173e+01 4.095942337308517978e+00 3.080375383004812839e+00 6.299139604734017794e+00 9.572179015755439835e+00 5.757065903758429304e-01 1.724283412810394367e+01
8.841770366437322615e-01 8.122670455792398769e+00 5.376568978327151882e+01 1.138995220120104079e+01 4.135466162165220894e+00 1.603421394874460448e+00 5.842709878854511096e+00 9.157165054169594143e+00 1.271773971640119516e+00 1.478274369121991327e+01
4.646211994465029527e+00 8.009810869527798971e+00 5.380443183217152381e+01 1.138995220120104079e+01 4.644855921446412239e+00 0.000000000000000000e+00 5.256855360307025826e+00 8.853670904846614675e+00 1.308638181996801819e+00 1.490690146013564110e+01
1.248502447713852348e+01 1.902715060974430372e+01 5.639269914283155316e+01 1.188695691126608978e+01 3.320745828445347492e+00 1.401699946547410036e+00 5.501497492455176719e+00 6.865042952700054713e+00 5.235258870543402221e-01 2.268102398687415899e+01
5.973209636223722363e+00 -2.983392530140929644e+00 5.626009356436942710e+01 1.186044063119270220e+01 4.203775045134570121e+00 1.749303058896410912e-01 4.549373841332946533e+00 5.374043472635475993e+00 -1.040638460090000939e+00 4.318063907847267124e+00
-5.395830824573604190e-01 -3.044873543285506745e+00 5.589793194146740518e+01 1.178728948512834052e+01 4.920985830905840075e+00 7.886482284477770444e-01 3.580229327395240801e+00 4.387732079086394066e+00 -1.890908122602002583e+00 9.463912425491546543e+00
-7.160947961706866316e+00 -1.383685964957762859e+00 5.532027425920959018e+01 1.167579558775848270e+01 5.245413391700947336e+00 -1.662426744948014134e-03 1.804501614086508665e+00 2.530326428854159371e+00 -1.983123384554097202e+00 1.604237307343947450e+01
-1.240292976811011094e+01 2.790352893042693960e+00 5.639987812270845779e+01 1.196795691126608929e+01 4.101346922680397356e+00 4.259188733527391690e+00 8.545586246816245790e+00 1.274218527690720570e+01 -9.904603943249595810e-01 2.597955467035728816e+01
-2.686624291646749096e+00 8.716996126672400536e+00 5.383929967618152546e+01 1.147095220120104209e+01 4.094171639909379934e+00 3.566351652568642727e+00 6.453385284843526470e+00 9.901759788662435113e+00 6.079495662895156860e-01 1.881218106012934754e+01
1.036082989748109640e+00 8.410403410213158182e+00 5.408912080494436481e+01 1.145095698108093707e+01 4.135466162165220894e+00 1.598251452669933403e+00 5.953697270740577530e+00 9.488000350493274837e+00 1.322824011131092936e+00 1.555598629626967977e+01
1.272959666296669567e+01 1.682443554876987335e+01 5.645342922854840140e+01 1.189826122013948151e+01 3.320745828445347492e+00 1.401699946547410036e+00 5.449096321896511164e+00 6.819671718971211938e+00 5.078113896796210280e-01 1.977273786231709352e+01
1.277586047425167770e+01 1.554199199389288566e+01 5.650808630569355984e+01 1.190843509812553336e+01 3.320745828445347492e+00 1.401699946547410036e+00 5.549096321896510808e+00 7.303504078285176782e+00 6.702653972197587517e-01 2.003179573951021908e+01
