3.413152257178953164e+01 5.656854249492380404e+02 1.267135351886293165e+03 2.715290039756342253e+02 4.242640687119285303e+01 0.000000000000000000e+00 2.262741699796952233e+01 3.819515999451260768e+01 3.413152257178953164e+01 5.656854249492380404e+02
4.869280870205250800e+00 1.979769328011514773e+01 2.973042556997564745e+01 1.376074590312017243e+01 7.528529110815096459e+00 0.000000000000000000e+00 5.502675279123539376e+00 6.305879611050281497e+00 5.490285072249886156e+00 1.776733004455279286e+01
2.665820859332021175e+00 6.791569583656761999e+00 8.927759704914398853e+00 5.341532578885168192e+00 4.046858665470530525e+00 0.000000000000000000e+00 3.274867886975284303e+00 3.675799539667540916e+00 2.755885365865113013e+00 5.894805437662821390e+00
1.999559382955989451e+00 4.035757399825406821e+00 4.964226405709772472e+00 3.376884728295040272e+00 2.741642773452943160e+00 1.148513358102316806e+00 2.336503481972568075e+00 2.547934855927345588e+00 1.769829297459476480e+00 3.450021414283561683e+00
1.692666853487461820e+00 2.972524838536343417e+00 3.512964427661973144e+00 2.580971240707367720e+00 2.184233159044303374e+00 1.141216970807454212e+00 1.923572380074008770e+00 2.061358408385415064e+00 1.194721708993882414e+00 2.641227818619214851e+00
1.520190873700700385e+00 2.432349211559652780e+00 2.798930852790167290e+00 2.164701836044233829e+00 1.883319950367175144e+00 1.116752921452346392e+00 1.695977925492399230e+00 1.795442249524497047e+00 1.165842897733547101e+00 2.236120424792456429e+00
1.411289262760190732e+00 2.111603845117462797e+00 2.384199077419688173e+00 1.912821759191668081e+00 1.697365968607299047e+00 1.127980180444879466e+00 1.553638853738009917e+00 1.631745318169283809e+00 1.097389260183825765e+00 1.983904327272396850e+00
1.337040536732052809e+00 1.901539781172283838e+00 2.116560906538426323e+00 1.745449589490442710e+00 1.572218376381578020e+00 1.101889772401299927e+00 1.456998803480691107e+00 1.524357341000737609e+00 1.136258746836152245e+00 1.828531165211684018e+00
1.283202390318042951e+00 1.753399549368204413e+00 1.930892136463179476e+00 1.626764775187758527e+00 1.482711773703676128e+00 1.082960831260153300e+00 1.387897213981796884e+00 1.443363066291362573e+00 1.183265191217041101e+00 1.683445276386609679e+00
1.243599681712515226e+00 1.646846210025373791e+00 1.796811640256102072e+00 1.539931709905651536e+00 1.415769710184142438e+00 1.068714567642389035e+00 1.335377232437271466e+00 1.383758787423619019e+00 1.182397557064441607e+00 1.571829562137234682e+00
1.210253470137538034e+00 1.562330526645195894e+00 1.693342659575530096e+00 1.471718058877047541e+00 1.365218749620341621e+00 1.056287920375177158e+00 1.295375236000577468e+00 1.337478245433004531e+00 1.141258531138655163e+00 1.482593261022736364e+00
1.185517799304413256e+00 1.498101570943140448e+00 1.613463232309781059e+00 1.418751144388058716e+00 1.323171935559014578e+00 1.059898755395415337e+00 1.261248125843486001e+00 1.298778314089901187e+00 1.100618250959319644e+00 1.416272536059295151e+00
1.165348168278973251e+00 1.446205143880219035e+00 1.549210651304705255e+00 1.375768653580094369e+00 1.289957999998013527e+00 1.050238204243215234e+00 1.233673594082148606e+00 1.267167110211721459e+00 1.069508430298772961e+00 1.372067510951081148e+00
1.146408751682405303e+00 1.401565238371375699e+00 1.495364133278224150e+00 1.339236070890526431e+00 1.261377741731274149e+00 1.047795500068736452e+00 1.211353068480290229e+00 1.241596700723197388e+00 1.054751687969908813e+00 1.338263500984634424e+00
1.132199289532096032e+00 1.365964260079271853e+00 1.451413206464528205e+00 1.309442577187587275e+00 1.237244256329464998e+00 1.047606482010184470e+00 1.192686713168534141e+00 1.220079786685401624e+00 1.046857510481438380e+00 1.313535721826283975e+00
1.120073694190717228e+00 1.335538368225410055e+00 1.414189696527300866e+00 1.284074181661923220e+00 1.216768931634207851e+00 1.042458045627110863e+00 1.176976916661624850e+00 1.203762178641368807e+00 1.047106603476620545e+00 1.289873588837680218e+00
1.109683720624591530e+00 1.309391564505968164e+00 1.382274800971152073e+00 1.262222750200568511e+00 1.199832431861556081e+00 1.038055471979180133e+00 1.163793829054325712e+00 1.188046154810979083e+00 1.052257957697208424e+00 1.265581086016235979e+00
1.101040783804437595e+00 1.287470331232405396e+00 1.355062899787828457e+00 1.243617983898919421e+00 1.184629104505019015e+00 1.034256961509931738e+00 1.152155404755863755e+00 1.174213247988117326e+00 1.052241626833414712e+00 1.244997189568818996e+00
1.092897053954096087e+00 1.267444693375020082e+00 1.330853420567122525e+00 1.226912502158320040e+00 1.171694848205195649e+00 1.030953672350074513e+00 1.142078890416833747e+00 1.163054422088839024e+00 1.048024707827708735e+00 1.226026330995429570e+00
1.083830349881687471e+00 1.247943828147998424e+00 1.308713991936172993e+00 1.211402196860678959e+00 1.159343962051528232e+00 1.032950556553758670e+00 1.131577486376388775e+00 1.151308287611183312e+00 1.037389938068314033e+00 1.207087476983064844e+00
1.078259460630046851e+00 1.232983299304019065e+00 1.290174301926073852e+00 1.198628500924847851e+00 1.149491759521374279e+00 1.032593192313576491e+00 1.122782367685778215e+00 1.141563910192624487e+00 1.031463300243643966e+00 1.194460144128527190e+00
1.072461163214330160e+00 1.218997490548318963e+00 1.273229396570205063e+00 1.186835939601779799e+00 1.140612609547312584e+00 1.034943712507502944e+00 1.115336743144661913e+00 1.133265869214381327e+00 1.026949838869245291e+00 1.184408125752948404e+00
1.067725494910595652e+00 1.206940357105694916e+00 1.258355600512544248e+00 1.176547159100855167e+00 1.132278989676238412e+00 1.037708792107003619e+00 1.108331332875266639e+00 1.125363878219151959e+00 1.022355408904419782e+00 1.176100128033538583e+00
1.061881116139873127e+00 1.194022222140673328e+00 1.243864959825546679e+00 1.166248095424708753e+00 1.124738727805260075e+00 1.035190275993318476e+00 1.102615669361599382e+00 1.119826316707689395e+00 1.021982512625032813e+00 1.165713603040275936e+00
1.058017427451669823e+00 1.184399149292987063e+00 1.231702318676914931e+00 1.157812654689750254e+00 1.118093967023332969e+00 1.032914384880115444e+00 1.097234659146871127e+00 1.113730243143477461e+00 1.025324275688316744e+00 1.160692664215856373e+00
1.052674931476357045e+00 1.173111591530043629e+00 1.219587643680028144e+00 1.149144418862783512e+00 1.112025016367440999e+00 1.030739756699757148e+00 1.092447860598349418e+00 1.108126147393939664e+00 1.023126891323938858e+00 1.150556642685849118e+00
1.048894753790792223e+00 1.164350887700452919e+00 1.209125786866495078e+00 1.141780526501597448e+00 1.105492802147226339e+00 1.030294462633601471e+00 1.087316899800351955e+00 1.102401580936482883e+00 1.020029487447200900e+00 1.143588330438880307e+00
1.046517646622360020e+00 1.157132296281956574e+00 1.200017631423221154e+00 1.135483424669206265e+00 1.100660963868662190e+00 1.027512803962269627e+00 1.082745367384785551e+00 1.097096127779143115e+00 1.016563380462716770e+00 1.136618134481454767e+00
1.043923256733148452e+00 1.150129835151297408e+00 1.191454291169425028e+00 1.129513752652646641e+00 1.096182511969779227e+00 1.027813737741202882e+00 1.078903516115160999e+00 1.092674262577254529e+00 1.014129275450710299e+00 1.130830617878006539e+00
1.041697038371327322e+00 1.143912284023623549e+00 1.183692658667032882e+00 1.124144511042493022e+00 1.091892369488284276e+00 1.028907750018225320e+00 1.075341622773944072e+00 1.088524585120914434e+00 1.011960495312921982e+00 1.125222858608845078e+00
1.039294163137518545e+00 1.137873420555734816e+00 1.176335722020781960e+00 1.119009668251878198e+00 1.087514160257629925e+00 1.027418026562905817e+00 1.072296459788606438e+00 1.086104681915383230e+00 1.012105959785935649e+00 1.120770774623150112e+00
1.037294275996831328e+00 1.132476663690807461e+00 1.169651085466033136e+00 1.114380106302883311e+00 1.083957394151763731e+00 1.026039970866719164e+00 1.069663378353949978e+00 1.083001602134348484e+00 1.014457872533811811e+00 1.115198582056718957e+00
1.035491839756700561e+00 1.127585280608850660e+00 1.163421685139812256e+00 1.110063357292925268e+00 1.080465966193781435e+00 1.024762203172352448e+00 1.067054527374796669e+00 1.080190165756564902e+00 1.015950185685264406e+00 1.110184101074509933e+00
1.033132162365424156e+00 1.122082612319345918e+00 1.157157601499598121e+00 1.105603063684346132e+00 1.076598905740969947e+00 1.023511668719259360e+00 1.065023364062803068e+00 1.077470789649030092e+00 1.012798742112533734e+00 1.104041891783779095e+00
1.031528198262372742e+00 1.117554472600102988e+00 1.151570547048009763e+00 1.101690081077005168e+00 1.073812939472358341e+00 1.024542030943493831e+00 1.062074609192413366e+00 1.074234876803840111e+00 1.010396050232063025e+00 1.099486240286219330e+00
1.030371183142207547e+00 1.113653424083186128e+00 1.146546058516229705e+00 1.098228943857156414e+00 1.071239536858005659e+00 1.020802097585092882e+00 1.059142217589795987e+00 1.070853158511457792e+00 1.009743125906528372e+00 1.095915475015551310e+00
1.028271327123035705e+00 1.108860795180173886e+00 1.141324802160798457e+00 1.094492355086336355e+00 1.068705013171943108e+00 1.019855363522984115e+00 1.057071607680611036e+00 1.069064155157895435e+00 1.008723319216521697e+00 1.090774391392247189e+00
1.027035521948096219e+00 1.105628232762365437e+00 1.136896025403533406e+00 1.091440581478739791e+00 1.066321946555713218e+00 1.018969001765360760e+00 1.055031192209542112e+00 1.066859026310049918e+00 1.009325223832336693e+00 1.090931550990540622e+00
1.025669439569252717e+00 1.101988399084390613e+00 1.132500423596107364e+00 1.088355246122688635e+00 1.063901229504584212e+00 1.017433222988375796e+00 1.053397757915942812e+00 1.064865743120906982e+00 1.007982532014060961e+00 1.086828105113249121e+00
1.024760360260822623e+00 1.099180297130744055e+00 1.128488666330864421e+00 1.085571277594758355e+00 1.061906674989379740e+00 1.019453811847327973e+00 1.051379757327483455e+00 1.062501923005929161e+00 1.007193906983862242e+00 1.087446274007918490e+00
1.023962101584428241e+00 1.096343212357987706e+00 1.124804291271006784e+00 1.083039762180445509e+00 1.060029875970063040e+00 1.013374368549234683e+00 1.049345077715812202e+00 1.059845150715200690e+00 1.007273094367301836e+00 1.083796293224522422e+00
1.022922922508495702e+00 1.093470555943224065e+00 1.121211320441431791e+00 1.080540570221171670e+00 1.057651342701076302e+00 1.012761449467391994e+00 1.047754271700965356e+00 1.058374013917888767e+00 1.005998071566825081e+00 1.082027453870420652e+00
1.022043306361122283e+00 1.090796220049629950e+00 1.117904986918447641e+00 1.078268143693695391e+00 1.056009026221381264e+00 1.012184008784595468e+00 1.046387658347885719e+00 1.056543829827533143e+00 1.006533325283989422e+00 1.079008390019543295e+00
1.021226185507293049e+00 1.088429293824247024e+00 1.114730556994174560e+00 1.076076802475965044e+00 1.054263142830347277e+00 1.013218965332481458e+00 1.044567140033153763e+00 1.054563676645231096e+00 1.006917556466834451e+00 1.077273160332199220e+00
1.020583967980784657e+00 1.086160168519420655e+00 1.111758394094113145e+00 1.074041948320804796e+00 1.052763793658731295e+00 1.013691268491561326e+00 1.043012551856960624e+00 1.052722061287035604e+00 1.005783231214616213e+00 1.075241234199548535e+00
1.019845274570094329e+00 1.083801446610502373e+00 1.108815787479398018e+00 1.071994613915371763e+00 1.051409108304129481e+00 1.012711022958803664e+00 1.041641936715612893e+00 1.050792662210175088e+00 1.005020086364449172e+00 1.073407990319676708e+00
1.019134593059146443e+00 1.081648098993120088e+00 1.106075993333312413e+00 1.070103123831738889e+00 1.049920576187481691e+00 1.014773671623990126e+00 1.040148997755762306e+00 1.049018105724853989e+00 1.003724999496605319e+00 1.072119896682957263e+00
1.018171533744155699e+00 1.079320207615887428e+00 1.103278247984522009e+00 1.068119761011934843e+00 1.048629474833613795e+00 1.013273370537153717e+00 1.039419067975877686e+00 1.048375501191655346e+00 1.004125997742117082e+00 1.069663421964590189e+00
1.017554965574916537e+00 1.077720708808302286e+00 1.100828891914288121e+00 1.066445218863389943e+00 1.047431895832967363e+00 1.012786342737474810e+00 1.038528525940144220e+00 1.047499338780702782e+00 1.005163265744583034e+00 1.071276884250869976e+00
1.016979597748137065e+00 1.075933184822325916e+00 1.098471032160678984e+00 1.064828820014791955e+00 1.046179107765740524e+00 1.011826166654183679e+00 1.037730136565369499e+00 1.046208185176548788e+00 1.006187052398875625e+00 1.068966151272273457e+00
1.016213939974191183e+00 1.073890539755419926e+00 1.096010911943952504e+00 1.063080480742162104e+00 1.044191769136209702e+00 1.011395192663038678e+00 1.037188104456607363e+00 1.045053452876083755e+00 1.005773113654841122e+00 1.066628905398340210e+00
1.015639640142508515e+00 1.072139143318658894e+00 1.093764223052899665e+00 1.061514480577164354e+00 1.043517837984689001e+00 1.010592800943687308e+00 1.036600838083981291e+00 1.043905729377573310e+00 1.004804368077777177e+00 1.064373857210216601e+00
1.015264377584658373e+00 1.070366343844155077e+00 1.091669608660524426e+00 1.060069616563045880e+00 1.041990724726061135e+00 1.011853744055507986e+00 1.035578297068395992e+00 1.042708200742702207e+00 1.004330390129410722e+00 1.062000987370587346e+00
1.014860958961579795e+00 1.068859222535980535e+00 1.089708288977189410e+00 1.058735334286861729e+00 1.041018906053509330e+00 1.011219136892425707e+00 1.034394574110626408e+00 1.041329418595794198e+00 1.004546434541039757e+00 1.060224343823912951e+00
1.014450189836426208e+00 1.067340633847393416e+00 1.087772769840018805e+00 1.057403132552189984e+00 1.040073978848914171e+00 1.012054500298606108e+00 1.033420988592006706e+00 1.040263203004335946e+00 1.004337299425101637e+00 1.058850671224824014e+00
1.014033123640967871e+00 1.065961348934854946e+00 1.085942793899925984e+00 1.056151094655962019e+00 1.039119353929561784e+00 1.012445969842339366e+00 1.032427491953594956e+00 1.039104286858014703e+00 1.003713380333580929e+00 1.057880476843286344e+00
1.013521793724163178e+00 1.064568562310167721e+00 1.084154299228767826e+00 1.054919250986739332e+00 1.037966050523679851e+00 1.012068218795193708e+00 1.031950206793587066e+00 1.039068802150113990e+00 1.003266833494020238e+00 1.057148882062515449e+00
1.013115195336317553e+00 1.063323549222015219e+00 1.082481693713545079e+00 1.053782890448917042e+00 1.037164486856999135e+00 1.011706285644138337e+00 1.031366105076923612e+00 1.038304423804046417e+00 1.003778258947706448e+00 1.057514289727225165e+00
1.012728386612404607e+00 1.062115507031138106e+00 1.080863436866994709e+00 1.052681492863907442e+00 1.036219073721319495e+00 1.011201147257104749e+00 1.030690768586123740e+00 1.037397988897878820e+00 1.004190600719047755e+00 1.056328127415666840e+00
1.012278329055563475e+00 1.060878463301192953e+00 1.079210753450612126e+00 1.051527683164769744e+00 1.035267625160830596e+00 1.010870865326938484e+00 1.030285528064925904e+00 1.036801710709425173e+00 1.003509102245995877e+00 1.055365996060861011e+00
1.012010808068107170e+00 1.059722277194715678e+00 1.077695642029962597e+00 1.050492315654251163e+00 1.034043885845026489e+00 1.012003304171892992e+00 1.029507141679970816e+00 1.035882454617068849e+00 1.002913718408569244e+00 1.054211185517189620e+00
1.011717059997250256e+00 1.058616725599300201e+00 1.076256486972471782e+00 1.049517868153500011e+00 1.033352062170198593e+00 1.011645718601314581e+00 1.028566331451741700e+00 1.034807040418557200e+00 1.002982854345002783e+00 1.052808866451265812e+00
1.011439114855600563e+00 1.057547345887513091e+00 1.074842623979743728e+00 1.048553296059536510e+00 1.032678524909037554e+00 1.012197008851245750e+00 1.027839861131277122e+00 1.034016821627922633e+00 1.002806005807056922e+00 1.051940015853521038e+00
1.011147461883551868e+00 1.056531372423628268e+00 1.073490732732254704e+00 1.047634804582041390e+00 1.032004928705013258e+00 1.011701308693098378e+00 1.027097108111095114e+00 1.032928811985522888e+00 1.002311132939924576e+00 1.051228116391415002e+00
1.010817761563495454e+00 1.055537011480310650e+00 1.072170772406878303e+00 1.046734241349136729e+00 1.031178686482582707e+00 1.011398943458418964e+00 1.026760488996636855e+00 1.032793250055006107e+00 1.002138840252482233e+00 1.050862895687739718e+00
1.010524200082430823e+00 1.054447425268233207e+00 1.070917092812190052e+00 1.045886571922484132e+00 1.030477587410367990e+00 1.011107619864918261e+00 1.026341566750872181e+00 1.032408308160444710e+00 1.002600805065582357e+00 1.049946173851831643e+00
1.010231556881176829e+00 1.053526979996485480e+00 1.069700451779441730e+00 1.045063092245895886e+00 1.029549394525039574e+00 1.010826784793149358e+00 1.025866951232900615e+00 1.031912698760127922e+00 1.002783990262020586e+00 1.048934337961831886e+00
1.009954469652280640e+00 1.052596650857390070e+00 1.068479282409721343e+00 1.044222955117763973e+00 1.028945165702862319e+00 1.010555920377826489e+00 1.025642399510588332e+00 1.031617106888223612e+00 1.002154344260757002e+00 1.047748155767860512e+00
1.009749137707408817e+00 1.051713237464487527e+00 1.067333070071212475e+00 1.043445386940779152e+00 1.028160358945758190e+00 1.010645178953767820e+00 1.025034575314694552e+00 1.030889195099751854e+00 1.001693602009229744e+00 1.046576347422629949e+00
1.009523697711756096e+00 1.050868582822572117e+00 1.066233340591852263e+00 1.042703779745758341e+00 1.027648628309757006e+00 1.010198459583496522e+00 1.024267555202198032e+00 1.029973706566143177e+00 1.001818754089495833e+00 1.045476501741752662e+00
1.009321066731902583e+00 1.050008694567943879e+00 1.065155496805963775e+00 1.041973514857345684e+00 1.027149883344758985e+00 1.009199025535490124e+00 1.023700707803349541e+00 1.029119597709402090e+00 1.001697089491140558e+00 1.044214059378626214e+00
1.009120152339720411e+00 1.049158830619060900e+00 1.064116630973417132e+00 1.041271623591009332e+00 1.026387757882599949e+00 1.009031106361770957e+00 1.023123355711853977e+00 1.028177303706223622e+00 1.001353166382650262e+00 1.042821754498660214e+00
1.008914340514181829e+00 1.048351732045269324e+00 1.063102327290404103e+00 1.040584611922105385e+00 1.025649759098856695e+00 1.008810698009126927e+00 1.022875942804241545e+00 1.027938318958462771e+00 1.001439079623340778e+00 1.042046578729671547e+00
1.008692815635161111e+00 1.047459619228046535e+00 1.062128680302364847e+00 1.039928972145963249e+00 1.025207413864088757e+00 1.008597555542754431e+00 1.022563571505544333e+00 1.027476675141576257e+00 1.001848079039361350e+00 1.040482614110086912e+00
1.008503833524854398e+00 1.046747835096175638e+00 1.061181331021626040e+00 1.039290685918143664e+00 1.024659777580662512e+00 1.008338681346807597e+00 1.022213745397174911e+00 1.027082869665649767e+00 1.002142080016900971e+00 1.040104750192440530e+00
1.008326524452678452e+00 1.046063890624256087e+00 1.060240463975583580e+00 1.038650364902274470e+00 1.023737372041272131e+00 1.008139803334985540e+00 1.022059753140436511e+00 1.026692261846376963e+00 1.001992835614295085e+00 1.039423109139807400e+00
1.007993589922016930e+00 1.045197640057452748e+00 1.059180955642016642e+00 1.037881015046656641e+00 1.023012698771649909e+00 1.007938467202965427e+00 1.021990350719160334e+00 1.026621568536846052e+00 1.001504934361628241e+00 1.038450423023669078e+00
1.007856419268944315e+00 1.044547757507180874e+00 1.058310529154630864e+00 1.037294695807867928e+00 1.022631084583427885e+00 1.008843581496889241e+00 1.021506051039303475e+00 1.026089869537162080e+00 1.001451892165023949e+00 1.037838014417405752e+00
1.007683597526531472e+00 1.043904417171491739e+00 1.057469506692178429e+00 1.036730466041877241e+00 1.022260453644386224e+00 1.007437823268500843e+00 1.020865321688751548e+00 1.025326952744158193e+00 1.001679921337669699e+00 1.037188752619369048e+00
1.007531875191022941e+00 1.043271228313950472e+00 1.056645309611477401e+00 1.036175848607804317e+00 1.021898370534589651e+00 1.007796929565516475e+00 1.020398916746176665e+00 1.024842424476262615e+00 1.001606323501025519e+00 1.036433055511218004e+00
1.007357536158678180e+00 1.042652336882856856e+00 1.055846270346265436e+00 1.035639238156177200e+00 1.021531301634893474e+00 1.007719219861574089e+00 1.019925958902352159e+00 1.024245178440825743e+00 1.001222774604051180e+00 1.035628165372264764e+00
1.007162070182648250e+00 1.042070066581564536e+00 1.055065198989007413e+00 1.035113900592748992e+00 1.021028740179308780e+00 1.007548544799546697e+00 1.019721327667797439e+00 1.024344324226511116e+00 1.001026505835042713e+00 1.035468260893617432e+00
1.006996240716633739e+00 1.041467561240592365e+00 1.054310001478676817e+00 1.034607990905211716e+00 1.020708410325045223e+00 1.007382899934964327e+00 1.019465228367394616e+00 1.024054452939211712e+00 1.001261994398458643e+00 1.034682462722538387e+00
1.006852976081670015e+00 1.040906090197934564e+00 1.053573235389036578e+00 1.034114285037312619e+00 1.020310755642540368e+00 1.007200176779790679e+00 1.019183955118348361e+00 1.023622199903470920e+00 1.001355533262580533e+00 1.034391396063762070e+00
1.006723241596819252e+00 1.040370061746699770e+00 1.052845114600841514e+00 1.033623255015244879e+00 1.019820579182046938e+00 1.007044253325353411e+00 1.019108635851131428e+00 1.023258071676458325e+00 1.001042178261743576e+00 1.033836751958024713e+00
1.006590415408428196e+00 1.039848306402546108e+00 1.052105607657821684e+00 1.033114215606604658e+00 1.019848338446570857e+00 1.006804439891702208e+00 1.019109323310160020e+00 1.023188902206924045e+00 1.000784057537507543e+00 1.033252469162821319e+00
1.006469775745172601e+00 1.039338976224181366e+00 1.051421912218310828e+00 1.032656141232771718e+00 1.019289783011357642e+00 1.007196042670679637e+00 1.018718447082186618e+00 1.022765768625814475e+00 1.000718062494257321e+00 1.032926706225897329e+00
1.006332750398981402e+00 1.038829194547890244e+00 1.050757960256130330e+00 1.032212516551283876e+00 1.019003512841317960e+00 1.006168212112672267e+00 1.017862763215752642e+00 1.021847098718188018e+00 1.001085148877949527e+00 1.032281212995786568e+00
1.005760802697804657e+00 1.037821536912741704e+00 1.049809800136326743e+00 1.031478011663342853e+00 1.018737118264447794e+00 1.006881566991776555e+00 1.017359796388720872e+00 1.021343657253182435e+00 1.001320260544418694e+00 1.031689670553500138e+00
1.004435625962877054e+00 1.036079036988089674e+00 1.048555832458366588e+00 1.030433544544996805e+00 1.018255379406815653e+00 1.007070696802387699e+00 1.017141197518887763e+00 1.021044084534224350e+00 1.001010008457858813e+00 1.031369864638577383e+00
1.004183891167609755e+00 1.035522625065408153e+00 1.047859183023293728e+00 1.029940690341428322e+00 1.017656137427711993e+00 1.006930891017822516e+00 1.017231811909159678e+00 1.020755272099804767e+00 1.000751073876792629e+00 1.030540279207027954e+00
1.004058151239039187e+00 1.035075975756143851e+00 1.047266879222107594e+00 1.029548953076679263e+00 1.017354702479017936e+00 1.006794793544388611e+00 1.017153276578776522e+00 1.021381453949675500e+00 1.001132495518791021e+00 1.030474276982632054e+00
1.003959349745657814e+00 1.034626667948411738e+00 1.046688744381817360e+00 1.029166879548218283e+00 1.017091390712609789e+00 1.006662269880042260e+00 1.016938387825189638e+00 1.020996410062341875e+00 1.001093854039722730e+00 1.029356245250799828e+00
1.003871676525075918e+00 1.034202839199285240e+00 1.046122747154834665e+00 1.028792591369671383e+00 1.016671310396792371e+00 1.006524573507957099e+00 1.016443746729824849e+00 1.020392665880657690e+00 1.001728665030624521e+00 1.029305133500920233e+00
1.003160102051683156e+00 1.033090678916476879e+00 1.045234559622216119e+00 1.028088681307443908e+00 1.016661666856484514e+00 1.006376947173072578e+00 1.016543338376356465e+00 1.020540834270237784e+00 1.001273587213045824e+00 1.028087926723312506e+00
1.003109345596955970e+00 1.032708336245979019e+00 1.044673334317309799e+00 1.027710337853194877e+00 1.016695214076807297e+00 1.006219910637427661e+00 1.016565492210627530e+00 1.020270922973969263e+00 1.000828166782442796e+00 1.027360198990661777e+00
1.003041523265708390e+00 1.032334962227700936e+00 1.044147004222259811e+00 1.027363459729501605e+00 1.016341111866361890e+00 1.006329504949328602e+00 1.016257226255893764e+00 1.019929211541235503e+00 1.000639307147947799e+00 1.027109273332132533e+00
1.002955562575333248e+00 1.031959314749177459e+00 1.043634405308795587e+00 1.027026507409548151e+00 1.016120775196347470e+00 1.005525060202078658e+00 1.015555219120117370e+00 1.019162095020013536e+00 1.000823066466684841e+00 1.026446282030052171e+00
1.002700833418673554e+00 1.031281331557865721e+00 1.042956763619557803e+00 1.026519352586132028e+00 1.015911561921018613e+00 1.005534550371233182e+00 1.015120889558927209e+00 1.018590554691462202e+00 1.000925509175015549e+00 1.025982543925719748e+00
1.002007952277701230e+00 1.030117177999116507e+00 1.042110828970564507e+00 1.025840344473416765e+00 1.015600567990557090e+00 1.006242553962800157e+00 1.014952655580618091e+00 1.018397422228681348e+00 1.000640320789441873e+00 1.025641199834689710e+00
1.003508866456035431e+00 1.029796374794106129e+00 1.041585066515881897e+00 1.025478608291075400e+00 1.015428908487242099e+00 1.006126644747472154e+00 1.015063677210086945e+00 1.018762635258133153e+00 1.000426773879211639e+00 1.025792237088592351e+00
1.006702975634543362e+00 1.029532529752804404e+00 1.041120753491624695e+00 1.025175836814004926e+00 1.015132517043142890e+00 1.006017155788438755e+00 1.014776397710885902e+00 1.018258058015753864e+00 1.000411591147753132e+00 1.026047576104785808e+00
1.007226447988499585e+00 1.029199252961013222e+00 1.040665254819738594e+00 1.024878635028339202e+00 1.014741278946914349e+00 1.005908451579608620e+00 1.014546306996694458e+00 1.017879157895333675e+00 1.000437950782922858e+00 1.025299566028217590e+00
1.007126390695870510e+00 1.028895661117399163e+00 1.040212000054907548e+00 1.024580490933307164e+00 1.014459409605154239e+00 1.005785662077986142e+00 1.014454730360587753e+00 1.017931865579562833e+00 1.000151706771587712e+00 1.024652645371877391e+00
1.007150360610994833e+00 1.028510861193164372e+00 1.039680943477169661e+00 1.024199402598900299e+00 1.014155705199009772e+00 1.005619298041334986e+00 1.014503378094874675e+00 1.017666664922225683e+00 1.000129898301987286e+00 1.024147291120275360e+00
1.008423482289091844e+00 1.028199262825856497e+00 1.039253029723104849e+00 1.023920591907869770e+00 1.013976601600485861e+00 1.006335787192913278e+00 1.014257625133448082e+00 1.017404088176621979e+00 1.000164636781465166e+00 1.023367115598884824e+00
1.009446598022326391e+00 1.027899023959180980e+00 1.038835298167694043e+00 1.023649035404647911e+00 1.013801298383129490e+00 1.004996852759163950e+00 1.013667369972662158e+00 1.016753154849719287e+00 1.000426232345081878e+00 1.022793569700245708e+00
1.009388346575071482e+00 1.027469178752966616e+00 1.038330215951821289e+00 1.023286471460617353e+00 1.013691224069151131e+00 1.004845504517912547e+00 1.013289477254516013e+00 1.016222623360904409e+00 1.000654776079744623e+00 1.022466968850811009e+00
1.009225407358360194e+00 1.026874515104031493e+00 1.037740560575072912e+00 1.022836577270427316e+00 1.013501993008626645e+00 1.005098152338289585e+00 1.013167555742553683e+00 1.015960638860630372e+00 1.000419289437330050e+00 1.022782393033768278e+00
1.009410416098811103e+00 1.026577888845920938e+00 1.037322206552458992e+00 1.022555828601554140e+00 1.013420889516635226e+00 1.005008374667221149e+00 1.013280552537315415e+00 1.016212853442941322e+00 1.000240194199259802e+00 1.022646818312644701e+00
1.010264886682691543e+00 1.026527595036149210e+00 1.036939237899003441e+00 1.022308284628850261e+00 1.013260548514637538e+00 1.004921471277530509e+00 1.013058879272228152e+00 1.016137283820888415e+00 1.000253095503690792e+00 1.024828784494057343e+00
1.010357389935621297e+00 1.026260353626191391e+00 1.036562916042810256e+00 1.022064905039261840e+00 1.012914283188579123e+00 1.004836046714794096e+00 1.012869826769620785e+00 1.015914038582905965e+00 1.000198632182867975e+00 1.024783265322991133e+00
1.010224841026121423e+00 1.026024719835328280e+00 1.036189471011650376e+00 1.021821974995041904e+00 1.012636973904224469e+00 1.004737874309979295e+00 1.012800982929800586e+00 1.015974311503884397e+00 9.998647207218878119e-01 1.024721750552512578e+00
1.010289520560891052e+00 1.025768977167284213e+00 1.035777664995385372e+00 1.021537291955797011e+00 1.012423976055504493e+00 1.004624444108180636e+00 1.012852210386930629e+00 1.015733252137821063e+00 9.999460631557897106e-01 1.024421516060000314e+00
1.010878452595834975e+00 1.025531655175221601e+00 1.035422130847543087e+00 1.021307614661633778e+00 1.012277400563704521e+00 1.005277120478465847e+00 1.012650882436405775e+00 1.015528956776421188e+00 1.000007209932261221e+00 1.024312810077688374e+00
1.011350121677188518e+00 1.025280154846707648e+00 1.035074382802507520e+00 1.021083419744340803e+00 1.012133698177001717e+00 1.004131616766414936e+00 1.012145213339948224e+00 1.015024658221146403e+00 1.000264083522151237e+00 1.023730795990122067e+00
1.011345341661232800e+00 1.025013931953011825e+00 1.034682709641293163e+00 1.020812753700750308e+00 1.012053428856001247e+00 1.004584610548389101e+00 1.011812296036208147e+00 1.014716384209959577e+00 1.000514786372695752e+00 1.023545278923948310e+00
1.011209779245229479e+00 1.024642529150737946e+00 1.034250775376334808e+00 1.020499702555358601e+00 1.011922365653355804e+00 1.005072327811641353e+00 1.011720109797791922e+00 1.014587264678986411e+00 1.000311475717660770e+00 1.023459418828539524e+00
1.011226131036542686e+00 1.024387452786306163e+00 1.033908022912189750e+00 1.020274014589478639e+00 1.011902498086247437e+00 1.004993193014084962e+00 1.011830203072752621e+00 1.014930859945142982e+00 1.000159443269032833e+00 1.022942142357906148e+00
1.011473572131970755e+00 1.024172756298557641e+00 1.033586295472559646e+00 1.020067450497147199e+00 1.011825595673848888e+00 1.004915846201171581e+00 1.011654244794532032e+00 1.014640473993609016e+00 1.000175264582169099e+00 1.023543604086540215e+00
1.011422972674745679e+00 1.023942158805454028e+00 1.033269703870304035e+00 1.019864081063685424e+00 1.011519848099689201e+00 1.004839979815131956e+00 1.011498420439185253e+00 1.014526691553526483e+00 1.000080176870049797e+00 1.023239082115389831e+00
1.011294518267704001e+00 1.023725004534366878e+00 1.032956002891815883e+00 1.019661714840861766e+00 1.011234332408694536e+00 1.004745388973720788e+00 1.011446916263675000e+00 1.014498308040342245e+00 9.997171619381941543e-01 1.022931797218255445e+00
1.011288643863465397e+00 1.023513688713329817e+00 1.032624473176941837e+00 1.019439210384410988e+00 1.011067596678018932e+00 1.004607216712518847e+00 1.011489458008681286e+00 1.014533624902440367e+00 9.998161400472419524e-01 1.022537939616348313e+00
1.011509669891272889e+00 1.023296775330234221e+00 1.032323983438345083e+00 1.019246366131309145e+00 1.010945292648063321e+00 1.005161958902472952e+00 1.011321370351361715e+00 1.014342570448095282e+00 9.998886606188090997e-01 1.022067213141722997e+00
1.011686798129905807e+00 1.023083133461158756e+00 1.032029606281082312e+00 1.019057790232478222e+00 1.010825217698835932e+00 1.003467188966139068e+00 1.010882259113753179e+00 1.013846573252978889e+00 1.000124498013555074e+00 1.021536732390453617e+00
1.011642660691927098e+00 1.022851011993707981e+00 1.031713838983601361e+00 1.018846006937743409e+00 1.010756799947062801e+00 1.003648839672590887e+00 1.010586396284826050e+00 1.013492070693465585e+00 1.000354086500909512e+00 1.021154358938006323e+00
1.011515728131948011e+00 1.022598825822569113e+00 1.031379973536883599e+00 1.018614451614729521e+00 1.010660442390338254e+00 1.004492067237924946e+00 1.010513428880721154e+00 1.013475428832246283e+00 1.000193416726263829e+00 1.021125422569384211e+00
1.011419833363744747e+00 1.022376038631945816e+00 1.031092460828093804e+00 1.018427697877583693e+00 1.010682208965203666e+00 1.004425492046265189e+00 1.010618280174866213e+00 1.013797827688623698e+00 1.000063228537675375e+00 1.020450139090097075e+00
1.011469142418318645e+00 1.022285923727528800e+00 1.030818206458581576e+00 1.018252569866946677e+00 1.010656099070422753e+00 1.004360225191131883e+00 1.010475830609474324e+00 1.013736554703697168e+00 1.000076380137270515e+00 1.021780548893777896e+00
1.011394982571893753e+00 1.022090861707248166e+00 1.030547999364266332e+00 1.018079942574852126e+00 1.010386183773991586e+00 1.004296173721069829e+00 1.010347032063568573e+00 1.013501245811867735e+00 9.999527484307316749e-01 1.021287212770445540e+00
1.011279256572292784e+00 1.021902502479918207e+00 1.030280408633529543e+00 1.017908435456243099e+00 1.010097664468495360e+00 1.004194744986417032e+00 1.010308893122870089e+00 1.013454163248884710e+00 9.995671247319207753e-01 1.020818141750012176e+00
1.011233587553318491e+00 1.021721174108832342e+00 1.030005091564605291e+00 1.017727551246643936e+00 1.009961520795646939e+00 1.004048625575794551e+00 1.010337630651208851e+00 1.013440011022950893e+00 9.996517180924857637e-01 1.020288560628835217e+00
1.011295137190997728e+00 1.021537555513170714e+00 1.029747634623686681e+00 1.017563205989293618e+00 1.009857957167352493e+00 1.004675123517988045e+00 1.010195442278061240e+00 1.013267438957473177e+00 9.997242134548426362e-01 1.019736487067046227e+00
1.011337234491834991e+00 1.021352737430255786e+00 1.029495080693708653e+00 1.017402265785801507e+00 1.009756157830785428e+00 1.002638614358130953e+00 1.009810275913621158e+00 1.012790943459551007e+00 9.999377607689494685e-01 1.019276551463372815e+00
1.011272217233791348e+00 1.021176922137135179e+00 1.029232306489153981e+00 1.017229756448888800e+00 1.009694608055378362e+00 1.002723799507639235e+00 1.009545852239832842e+00 1.012432533443170302e+00 1.000150891182628010e+00 1.019032367485685597e+00
1.011161136578849096e+00 1.020986620632501118e+00 1.028962105132852356e+00 1.017048469351951034e+00 1.009621840454916875e+00 1.003653585003003279e+00 1.009485981634734131e+00 1.012414908882677711e+00 1.000018759735241236e+00 1.019046611187893969e+00
1.011077423446347545e+00 1.020830879593483065e+00 1.028716525827094719e+00 1.016890495903267411e+00 1.009671214885786483e+00 1.003599383119279320e+00 1.009584714951891504e+00 1.012558486341633257e+00 9.999059867985400363e-01 1.018823311403053378e+00
1.011044187503133074e+00 1.020697732627912080e+00 1.028479938927057802e+00 1.016740125219558033e+00 1.009676047819378253e+00 1.003546168622136525e+00 1.009467913517343218e+00 1.012276016560227809e+00 9.999146349984384674e-01 1.019916532517737950e+00
1.010949700246546845e+00 1.020524338350762728e+00 1.028246594869134611e+00 1.016591745249308509e+00 1.009437307696360975e+00 1.003493902483428402e+00 1.009361232419150323e+00 1.012083542726272434e+00 9.997860827602211842e-01 1.019892370400628412e+00
1.010846232236762399e+00 1.020363393323818091e+00 1.028015504992935147e+00 1.016444412995220592e+00 1.009153110021482114e+00 1.003387947747770736e+00 1.009333492630556384e+00 1.011891874932668633e+00 9.994076640213810370e-01 1.019660362420632405e+00
1.010779174293607419e+00 1.020226812132656535e+00 1.027781455802046606e+00 1.016292883737140773e+00 1.009039768656635250e+00 1.003240430554371621e+00 1.009346404217955406e+00 1.011841761979193066e+00 9.994702235760268838e-01 1.019565651385101468e+00
1.010764182782619924e+00 1.020067777812910137e+00 1.027558389965816055e+00 1.016151146820472029e+00 1.008951001455790086e+00 1.004092992245509297e+00 1.009225012496300478e+00 1.011710556541619566e+00 9.995432311873816422e-01 1.019451574244399250e+00
1.010739686692658346e+00 1.019905983298708296e+00 1.027339325427399919e+00 1.016012178960030710e+00 1.008863654031042723e+00 1.002174826544418362e+00 1.008884594251437949e+00 1.011327917522930164e+00 9.997375915641740773e-01 1.019043528929553855e+00
1.010668625134095278e+00 1.019732613646052499e+00 1.027115423155956719e+00 1.015867334486540097e+00 1.008807261307445469e+00 1.002149174721353564e+00 1.008647464457409049e+00 1.010994672520278082e+00 9.999361194918925388e-01 1.018476744380744092e+00
1.010571326291713090e+00 1.019560466398021559e+00 1.026889064643086824e+00 1.015718924206117313e+00 1.008751354200534189e+00 1.002843161082316747e+00 1.008597240531585726e+00 1.010965470650886378e+00 9.998220121213959866e-01 1.018190468954181638e+00
1.010475596894637285e+00 1.019403572426988092e+00 1.026676379314984233e+00 1.015583089605737399e+00 1.008818100150651986e+00 1.002799355197245612e+00 1.008689747503926259e+00 1.011102098840152452e+00 9.997260514835539791e-01 1.017669427722977860e+00
1.010406646241389650e+00 1.019222217247838014e+00 1.026470240351380125e+00 1.015452621123090760e+00 1.008841577785591026e+00 1.002756305600440045e+00 1.008593259946848564e+00 1.011113128964751917e+00 9.997315327718131472e-01 1.018264052649793472e+00
1.010306596077762187e+00 1.019071791441628294e+00 1.026266737493371828e+00 1.015323760735581615e+00 1.008629647311843236e+00 1.002713990909444464e+00 1.008504810462432788e+00 1.011180349247410293e+00 9.996030976998079298e-01 1.018072819619567415e+00
1.010214646067915334e+00 1.018930675988296342e+00 1.026065134105472954e+00 1.015195812467518222e+00 1.008355698741273621e+00 1.002619398485535829e+00 1.008485226269080659e+00 1.011271814094705901e+00 9.992556853985159471e-01 1.017698606520195836e+00
1.010150890563959791e+00 1.018796976122569253e+00 1.025862729702269327e+00 1.015066098100203096e+00 1.008260139388915455e+00 1.002496226883395014e+00 1.008481792557701207e+00 1.011134967448193756e+00 9.993300623536741645e-01 1.017458600479487218e+00
1.010098091358048622e+00 1.018685576262602144e+00 1.025667636284147477e+00 1.014942649991522172e+00 1.008183258015860728e+00 1.003367506743910065e+00 1.008377472698849031e+00 1.011015873606591731e+00 9.994006643036120741e-01 1.018585131204722272e+00
1.010040412090793538e+00 1.018543494773968439e+00 1.025475854166642664e+00 1.014821488007817907e+00 1.008107535585286207e+00 1.001900774373564840e+00 1.008074881074511042e+00 1.010713172577452523e+00 9.995759540859210368e-01 1.018267806016974530e+00
1.009975567273143193e+00 1.018426842923910058e+00 1.025281779408746541e+00 1.014697209257212185e+00 1.008055515611296249e+00 1.002072451189572222e+00 1.007861854184010975e+00 1.010447629922906154e+00 9.997770938634323867e-01 1.018123649503744232e+00
1.009889783591893186e+00 1.018309678120264961e+00 1.025087468994302142e+00 1.014571771152912971e+00 1.008011827467994337e+00 1.002703140028207818e+00 1.007819324048728094e+00 1.010396821478094953e+00 9.996846825718010976e-01 1.018132373406239743e+00
1.009794596011200474e+00 1.018192329697700238e+00 1.024901264860742511e+00 1.014453517183341980e+00 1.008088531562647550e+00 1.002664086129565035e+00 1.007905867555586754e+00 1.010553643665465628e+00 9.996076503181575701e-01 1.017967067726570196e+00
1.009707226125987622e+00 1.018098479773796861e+00 1.024720113210676686e+00 1.014339311171197577e+00 1.008122874740665420e+00 1.002625665013620937e+00 1.007825890617961795e+00 1.010525542586990566e+00 9.996114383908952794e-01 1.018607073136752916e+00
1.009617891345752527e+00 1.017968573013392275e+00 1.024541132107098740e+00 1.014226421300233438e+00 1.007933820780052780e+00 1.002587862017333631e+00 1.007752581559758109e+00 1.010564153640560070e+00 9.994755874530992790e-01 1.018254978327790550e+00
1.009537440590893453e+00 1.017842984039033505e+00 1.024363739337669887e+00 1.014114301263544293e+00 1.007674193739016788e+00 1.002503122394186041e+00 1.007739431581450296e+00 1.010588923814308204e+00 9.991354303945750859e-01 1.017933361451519358e+00
1.009478898678045411e+00 1.017720886808963776e+00 1.024186467042363269e+00 1.014001526493609306e+00 1.007592776153619862e+00 1.002383486766752263e+00 1.007719847251301148e+00 1.010459651656645974e+00 9.992179287159077550e-01 1.017481551181117050e+00
1.009404423643261328e+00 1.017561298854061658e+00 1.024014453826388005e+00 1.013893104289657510e+00 1.007525582466564096e+00 1.003258967192908635e+00 1.007629771534091390e+00 1.010345237842933175e+00 9.992778987987365191e-01 1.015955060236559016e+00
1.009330329417367000e+00 1.017434998987631900e+00 1.023845212496055979e+00 1.013786592397210695e+00 1.007459346663079680e+00 1.001038091365300753e+00 1.007304243054876425e+00 1.009959072045535367e+00 9.992181090977351188e-01 1.015121058095154405e+00
1.009281108157220164e+00 1.017321226022736003e+00 1.023673335788104044e+00 1.013676779885267498e+00 1.007361243801049078e+00 1.001446311734804917e+00 1.007159991126371557e+00 1.009823458150830744e+00 9.993183946556050135e-01 1.014883142976428676e+00
1.009208105750908135e+00 1.017203217914277591e+00 1.023505255117420853e+00 1.013569960720329233e+00 1.007255187331372204e+00 1.001505710787190973e+00 1.007007168880277304e+00 1.009628468657567391e+00 9.992136069739057103e-01 1.014511231410762271e+00
1.009213026547432834e+00 1.017081089038265995e+00 1.023337839588590370e+00 1.013463036135614503e+00 1.007076171080273808e+00 1.001477055741673450e+00 1.007255247781551510e+00 1.009971195705278824e+00 9.990813165342921076e-01 1.014873329354325948e+00
1.009115717904889076e+00 1.016788422313781970e+00 1.023177471047583165e+00 1.013362313478690435e+00 1.007032943710971740e+00 1.001448858305004075e+00 1.007187014908815792e+00 1.009933536974524149e+00 9.990955246254631383e-01 1.014382673183587658e+00
1.009028360841920824e+00 1.016674613283988782e+00 1.023018909993547165e+00 1.013262680468602017e+00 1.006886464262417791e+00 1.001421108846267893e+00 1.007124902965916169e+00 1.009966123316620834e+00 9.989672302224716915e-01 1.014034638778555486e+00
1.008957088383593881e+00 1.016563518329284266e+00 1.022861676803242803e+00 1.013163689098749209e+00 1.006629418761505912e+00 1.001364259172518034e+00 1.007113392249694206e+00 1.009818484353733226e+00 9.986357710530379128e-01 1.013811287938738648e+00
1.008905991563366911e+00 1.016460447925296551e+00 1.022704913915484903e+00 1.013064531449337391e+00 1.006591175940224181e+00 1.002273784439003279e+00 1.006971948275984685e+00 1.009689850865094662e+00 9.981156224751599471e-01 1.013999101892299359e+00
1.008826023262160199e+00 1.016379467606989717e+00 1.022552614310606067e+00 1.012969004347929580e+00 1.006534444971429965e+00 1.002092008216555863e+00 1.006706028171683753e+00 1.009403797189696528e+00 9.982914636357590465e-01 1.015111265298086485e+00
1.008762233530875463e+00 1.016291405788507518e+00 1.022398891776615582e+00 1.012871505960895480e+00 1.006487911480363762e+00 1.001437503149704922e+00 1.006524549654857159e+00 1.009150534634109864e+00 9.984673270282717894e-01 1.015161894029203538e+00
1.008694930426939251e+00 1.016192848331744170e+00 1.022245602010556809e+00 1.012773770479575619e+00 1.006473360515740989e+00 1.002024262742183813e+00 1.006502339386065481e+00 1.009123913197033096e+00 9.983867758904200196e-01 1.015222769766048971e+00
1.008631344247788553e+00 1.016068955300099885e+00 1.022097095937374966e+00 1.012680144186477893e+00 1.006571173112045026e+00 1.001994837138971750e+00 1.006607337268281999e+00 1.009178906653088514e+00 9.983419926675461964e-01 1.014740485535816861e+00
1.008544887077412522e+00 1.016060806189613253e+00 1.021952406211543485e+00 1.012589566376627337e+00 1.006643764393669205e+00 1.001965847525727593e+00 1.006554250423590036e+00 1.009155042721493700e+00 9.983471776060715008e-01 1.015613761224345657e+00
1.008475094005048422e+00 1.015951453511888092e+00 1.021809268241799851e+00 1.012499920331838998e+00 1.006456923829915251e+00 1.001937285058200233e+00 1.006505786844376305e+00 1.009035875847402952e+00 9.982677320682589173e-01 1.015474370991234832e+00
1.008411017432312429e+00 1.015843352034912606e+00 1.021667273960930489e+00 1.012410826159722887e+00 1.006234640822410986e+00 1.001865845632760266e+00 1.006450969012739227e+00 1.009011337411661824e+00 9.980544102082564706e-01 1.015390714342198075e+00
1.008343979528959267e+00 1.015746151727207724e+00 1.021525872091423537e+00 1.012321782578293750e+00 1.006187391884462379e+00 1.002537393841244073e+00 1.006355952622851602e+00 1.008913195789111317e+00 9.977079363857267458e-01 1.015183125580742862e+00
1.008259918726898574e+00 1.015683181973690674e+00 1.021388133114214947e+00 1.012235667940555750e+00 1.006136273368497536e+00 1.002488852222495508e+00 1.006116912441403333e+00 1.008648065246713132e+00 9.978714449870006442e-01 1.015835762073118431e+00
1.008189805849242893e+00 1.015582320934859339e+00 1.021249572795742910e+00 1.012148267983382421e+00 1.006088052208800931e+00 1.001891895522684539e+00 1.005954156074680750e+00 1.008528807029275276e+00 9.980086727954434744e-01 1.015678708907501004e+00
1.008130158409912935e+00 1.015473751423086046e+00 1.021111827378858861e+00 1.012061100043507578e+00 1.006068280302300444e+00 1.001756462776246748e+00 1.005767813752185047e+00 1.008277266694042273e+00 9.978484108437495337e-01 1.014848087570571433e+00
1.008137480354635018e+00 1.015391918386860048e+00 1.020975700983583145e+00 1.011975000168835459e+00 1.005974771251838984e+00 1.001730532919733463e+00 1.006034167746587826e+00 1.008633982198680945e+00 9.977395523642085262e-01 1.015347651626838488e+00
1.008044842620254622e+00 1.015317754292089703e+00 1.020844542472595595e+00 1.011893154586350763e+00 1.005961923471121677e+00 1.001704972840839147e+00 1.005993071886659651e+00 1.008614597573148863e+00 9.977392386145330638e-01 1.015686200649025261e+00
1.007972842244783118e+00 1.015211149811055646e+00 1.020714726332712541e+00 1.011812112155825005e+00 1.005995912469740627e+00 1.001679775505091241e+00 1.005955754466102414e+00 1.008644088333721101e+00 9.977146152058243844e-01 1.015809392750997686e+00
1.007915494996845851e+00 1.015110924712856910e+00 1.020585900140968505e+00 1.011731545524246600e+00 1.005966681963186726e+00 1.001654934047877088e+00 1.005861644737759741e+00 1.008617826435786125e+00 9.976158598739933714e-01 1.015762677046971429e+00
1.007873874645492940e+00 1.015019408183293059e+00 1.020457674631807032e+00 1.011651112942542063e+00 1.005510685637805546e+00 1.002099114769612775e+00 1.005794002227217598e+00 1.008527733570076412e+00 9.974656118656310966e-01 1.015840345625366181e+00
1.007786877634897271e+00 1.014876676332767902e+00 1.020332544600192515e+00 1.011573128071951100e+00 1.005466066282305615e+00 1.001382616814113780e+00 1.005508232500831545e+00 1.008150495749646547e+00 9.974336803090966264e-01 1.014858690260556529e+00
1.007768977068665528e+00 1.014815746292629717e+00 1.020205553388882080e+00 1.011492923451981829e+00 1.005404004711901944e+00 1.001672019239261635e+00 1.005448541943037011e+00 1.008090533712881820e+00 9.976650404300920760e-01 1.015403312511123923e+00
1.007713268631597936e+00 1.014734607514103715e+00 1.020080831070758309e+00 1.011414438581882180e+00 1.005376661662371607e+00 1.001896220333141185e+00 1.005418921875564031e+00 1.007975691505204718e+00 9.975634523747146654e-01 1.015259194264883646e+00
1.007666992818897711e+00 1.014655736383518914e+00 1.019958375701702558e+00 1.011337721064995865e+00 1.005497620070367137e+00 1.001871314395699653e+00 1.005528217469052299e+00 1.008064820071159051e+00 9.975128205416102789e-01 1.015225104891440910e+00
1.007585173965872549e+00 1.014371699143790551e+00 1.019838967894068693e+00 1.011263437770392404e+00 1.005510134684539203e+00 1.001846745059790100e+00 1.005498618740404027e+00 1.008043825235200197e+00 9.975130905759551636e-01 1.014424777669518329e+00
1.007534945505327739e+00 1.014282094561301362e+00 1.019720729613859289e+00 1.011189852042014170e+00 1.005335420969676985e+00 1.001822506179791183e+00 1.005471592904475964e+00 1.008027583561182050e+00 9.974998953809374180e-01 1.014431213450691205e+00
1.007481500369472593e+00 1.014195670433576835e+00 1.019603353956394232e+00 1.011116679261377937e+00 1.005126552065616963e+00 1.001777022343353085e+00 1.005342271565281331e+00 1.007914341923611623e+00 9.974142088413532337e-01 1.014282254372384173e+00
1.007402227236839254e+00 1.014111066393565075e+00 1.019486542764218573e+00 1.011043665187415952e+00 1.005065503292465356e+00 1.001513679056506234e+00 1.005516605255049489e+00 1.007933837002296329e+00 9.978280976371179944e-01 1.013827871508379941e+00
1.007342722953793235e+00 1.014028760393704598e+00 1.019371730683910959e+00 1.010972155423395247e+00 1.005025608169996199e+00 1.002401914426804153e+00 1.005458634408232577e+00 1.007859578579820337e+00 9.979606731460921587e-01 1.014068322790530052e+00
1.007259838810348640e+00 1.013924955176279230e+00 1.019258844499833394e+00 1.010902039020617371e+00 1.004986193030500408e+00 1.001823513742028160e+00 1.005254204076516666e+00 1.007643431058252048e+00 9.981028383882821764e-01 1.013614987413534285e+00
1.007208370839448586e+00 1.013844702552410437e+00 1.019145228303290907e+00 1.010830871032674327e+00 1.004958564433851231e+00 1.001499580297146030e+00 1.005151265394740090e+00 1.007496490616375917e+00 9.982404503251881556e-01 1.013443607378767819e+00
1.007158026958292263e+00 1.013760010378297993e+00 1.019032860593761303e+00 1.010760493829375717e+00 1.004942779150143295e+00 1.001438864927387762e+00 1.005119921289472362e+00 1.007307175250133024e+00 9.981766923624612042e-01 1.013212830352015814e+00
1.007102877780948980e+00 1.013680412589900826e+00 1.018922295606052408e+00 1.010691486674743844e+00 1.005057534410922715e+00 1.001417987560482503e+00 1.005211866980205704e+00 1.007419025216126807e+00 9.981124521828396157e-01 1.013174434919549727e+00
1.007023613663912354e+00 1.013700845901738035e+00 1.018814332462500971e+00 1.010624544476086184e+00 1.005100474341238170e+00 1.001397384307860294e+00 1.005180324691065552e+00 1.007406360232430798e+00 9.981193389568563390e-01 1.013739053756629982e+00
1.006966725629207415e+00 1.013625972083131543e+00 1.018707377068087006e+00 1.010558201021368285e+00 1.004935448611388393e+00 1.001377050373516653e+00 1.005151318108124192e+00 1.007446859866915512e+00 9.980422969422350077e-01 1.013448351872225039e+00
1.006919871820125545e+00 1.013550564537013088e+00 1.018601162455750053e+00 1.010492208952061821e+00 1.004736128647792937e+00 1.001352971617921694e+00 1.005039729853072883e+00 1.007327122599684266e+00 9.978516395643944881e-01 1.013209087560983601e+00
1.006870782568226153e+00 1.013475135685411033e+00 1.018495447521129638e+00 1.010426366875741389e+00 1.004705515927833748e+00 1.002092202709129021e+00 1.004960101498489244e+00 1.007251239796372877e+00 9.974652798259834308e-01 1.013030844715770762e+00
1.006791498629847847e+00 1.013433977438814804e+00 1.018392029928956388e+00 1.010362320415278070e+00 1.004669747401939484e+00 1.002190604255861484e+00 1.004772202829687711e+00 1.007076351516503321e+00 9.975837964186952123e-01 1.013620292643147236e+00
1.006738334069390950e+00 1.013357433466242075e+00 1.018288066822202520e+00 1.010297448298025369e+00 1.004637133791805859e+00 1.001051873966023020e+00 1.004680283394409512e+00 1.006878273544626445e+00 9.976887583036808671e-01 1.013469040054882253e+00
1.006694360662178767e+00 1.013283365024424398e+00 1.018185202909346554e+00 1.010233269611790163e+00 1.004626118885242780e+00 1.001529068033167214e+00 1.004661600683285583e+00 1.006895806124259440e+00 9.976030511972363568e-01 1.013262922288434176e+00
1.006652336353788479e+00 1.013210462566685344e+00 1.018083849396018925e+00 1.010170218199483827e+00 1.004737569430380173e+00 1.001509072845355064e+00 1.004759785774953285e+00 1.007132773608174103e+00 9.975374012674538271e-01 1.013176944296731774e+00
1.006570508581402734e+00 1.013130346887369582e+00 1.017984765430477445e+00 1.010108958657425449e+00 1.004793631355314076e+00 1.001489327833450460e+00 1.004739539734885945e+00 1.007123296390514122e+00 9.975397811546460325e-01 1.013278264353980163e+00
1.006518915823279903e+00 1.013056260695893940e+00 1.017886571240675941e+00 1.010048226650164693e+00 1.004640492413933828e+00 1.001469828812331597e+00 1.004720583021307512e+00 1.006989685274193747e+00 9.975096714155158306e-01 1.013156921093237628e+00
1.006475767515920161e+00 1.012980069118066595e+00 1.017789032624172529e+00 1.009987805395977878e+00 1.004471968351280831e+00 1.001420216029708765e+00 1.004578307898329914e+00 1.006748625318953483e+00 9.974013994393358118e-01 1.013097537355014621e+00
1.006410604443867207e+00 1.012908827056740790e+00 1.017691945683999455e+00 1.009927526868953374e+00 1.004424186545741504e+00 1.001281479067110958e+00 1.004735351785794872e+00 1.006810826617403842e+00 9.977468258714581317e-01 1.012553932033101178e+00
1.006347679828542230e+00 1.012846835458473427e+00 1.017596246749638667e+00 1.009868265361342887e+00 1.004391565057734192e+00 1.001983879791439547e+00 1.004692523331720100e+00 1.006756789539259733e+00 9.979148162678433964e-01 1.012326564503878368e+00
1.006272534267201646e+00 1.012744773290872313e+00 1.017502141025081297e+00 1.009810170601181056e+00 1.004359305746039377e+00 1.001484406546560235e+00 1.004526410747533571e+00 1.006567902768003897e+00 9.980202107631899189e-01 1.011742430904349455e+00
1.006221568185970083e+00 1.012676795102597005e+00 1.017407595385938501e+00 1.009751394130657953e+00 1.004335988730532092e+00 1.000532649377894101e+00 1.004298785182328180e+00 1.006264781479966786e+00 9.979746692002637865e-01 1.010734072845367759e+00
1.006182908656885866e+00 1.012624283168639172e+00 1.017312939328019139e+00 1.009692234329874205e+00 1.004283454397315589e+00 1.000689416203069726e+00 1.004225905399819041e+00 1.006191087657885452e+00 9.978934450248964083e-01 1.010887800456550911e+00
1.006194425576351081e+00 1.012565203388877899e+00 1.017219220742320074e+00 1.009633675128531971e+00 1.004176351314858717e+00 1.000674553650081844e+00 1.004469850992151247e+00 1.006471824678743410e+00 9.978173738536529891e-01 1.011472584251237761e+00
1.006117290115808860e+00 1.012297811701869721e+00 1.017128903884395807e+00 1.009578013603624314e+00 1.004209416567087843e+00 1.000659878356670696e+00 1.004446470988741069e+00 1.006475717431051242e+00 9.978306692602961769e-01 1.009582532185886228e+00
1.006063631813993053e+00 1.012229682261949870e+00 1.017039364008248681e+00 1.009522811334128578e+00 1.004238111418229717e+00 1.000645387255621577e+00 1.004424832577551330e+00 1.006406547908521132e+00 9.977589392131915869e-01 1.009574921825539873e+00
1.006026935072002804e+00 1.012163175024569428e+00 1.016950396175771765e+00 1.009467878748803393e+00 1.004249389839797946e+00 1.000631077343015374e+00 1.004304120751622120e+00 1.006193387345903245e+00 9.976019067117798400e-01 1.009584375815596236e+00
1.006025635028433118e+00 1.012099353271501245e+00 1.016861824651750679e+00 1.009413072190667560e+00 1.004021960449311690e+00 1.001127310400687254e+00 1.004230605317034675e+00 1.006121990438507474e+00 9.972277393025529291e-01 1.009897983552584755e+00
1.005955235310521223e+00 1.012026126672983528e+00 1.016775015847654728e+00 1.009371982198286499e+00 1.003992941679103357e+00 1.000896350401085266e+00 1.003989811358752871e+00 1.005915474229364559e+00 9.971649849654204978e-01 1.008526297144953565e+00
1.005944835522895042e+00 1.011959503661704618e+00 1.016686628695961714e+00 1.009328565256881083e+00 1.003955814706129823e+00 1.001106099343000544e+00 1.003872671765430935e+00 1.005831796997032512e+00 9.972540394666543628e-01 1.007700175306920576e+00
1.005910697926648556e+00 1.011898182323929918e+00 1.016599514170494434e+00 1.009274302587992000e+00 1.003916766812726014e+00 1.001242693887163249e+00 1.003809828066578813e+00 1.005799550218696714e+00 9.971680274977066105e-01 1.007464065116467911e+00
1.005922102394671169e+00 1.011835951508653020e+00 1.016513242775922032e+00 1.009220572171349417e+00 1.003808500489731026e+00 1.001226341450748736e+00 1.004042266646679726e+00 1.006081880757182523e+00 9.971115382931827753e-01 1.008533125693661381e+00
1.005853410493866784e+00 1.011849529679035964e+00 1.016429806208677178e+00 1.009169195006133890e+00 1.003784878222591770e+00 1.001210179602055828e+00 1.004029039958374669e+00 1.006093380195337561e+00 9.971213730306508483e-01 1.009218449385827165e+00
1.005807571642147957e+00 1.011783526262460375e+00 1.016347063108138160e+00 1.009118228993861610e+00 1.003807650083673453e+00 1.001194205384529967e+00 1.004016454037125694e+00 1.006058719364846921e+00 9.970937437360962718e-01 1.009444432556111826e+00
1.005773222490907060e+00 1.011716983691946403e+00 1.016264832989644207e+00 1.009067508926644763e+00 1.003834865217363426e+00 1.001178415899723229e+00 1.003860476852281636e+00 1.005885133898927863e+00 9.970301756795826309e-01 1.009709602640045389e+00
1.005750162671292580e+00 1.011654869868505280e+00 1.016182961585840205e+00 1.009016910506051579e+00 1.003706864991909642e+00 1.001528952621972834e+00 1.003818442021148671e+00 1.005828193963790307e+00 9.968296678838430847e-01 1.010083605660080153e+00
1.005684748000168272e+00 1.011577300038181138e+00 1.016102651819380531e+00 1.008960388232954308e+00 1.003680593458214698e+00 1.001037300343070813e+00 1.003611298173870736e+00 1.005548360096277349e+00 9.968036181879114110e-01 1.006158231975391226e+00
1.005673469134880316e+00 1.011533350211570426e+00 1.016021130815621509e+00 1.008902940326926734e+00 1.003650367521743192e+00 1.000807300949972056e+00 1.003511373473294999e+00 1.005313390366970872e+00 9.968918881753366934e-01 1.006611002355991991e+00
1.005640603924436105e+00 1.011494750122490460e+00 1.015940642132690641e+00 1.008853051030876857e+00 1.003619300725698604e+00 1.000697691049092786e+00 1.003459925744651482e+00 1.005160247854794298e+00 9.967995389226268488e-01 1.007701824132561264e+00
1.005648826673224860e+00 1.011453186831943407e+00 1.015860911093305008e+00 1.008803634788554948e+00 1.003514441641242039e+00 1.000684544116467789e+00 1.003680954147353477e+00 1.005455249181367972e+00 9.967495662659878741e-01 1.009091179232946223e+00
1.005586650766900902e+00 1.011316913942512219e+00 1.015783610503519618e+00 1.008756220149655825e+00 1.003463735351087793e+00 1.000671550355104467e+00 1.003676546999578534e+00 1.005472606215151332e+00 9.967542537094891131e-01 1.007225618851288473e+00
1.005546128709627896e+00 1.011265451475363841e+00 1.015706931759423837e+00 1.008709172807477739e+00 1.003482104388877305e+00 1.000658707435034378e+00 1.003671506597559882e+00 1.005510794031867050e+00 9.967577579518657194e-01 1.006517590969020937e+00
1.005512961036171937e+00 1.011214534035318247e+00 1.015630715856957966e+00 1.008662346507211316e+00 1.003515529283518282e+00 1.000646013070888962e+00 1.003481024831708535e+00 1.005379458887585509e+00 9.967461898947606036e-01 1.006027555169968446e+00
1.005476646808794783e+00 1.011162606138872322e+00 1.015554826496899654e+00 1.008615631139463398e+00 1.003440352532293245e+00 1.000847162964699111e+00 1.003455298370079518e+00 1.005349016154495123e+00 9.966547817138207144e-01 1.006393846491177912e+00
1.005415940343071357e+00 1.011118067479636506e+00 1.015480324294173009e+00 1.008566619125170316e+00 1.003416413585657585e+00 1.000640013145845275e+00 1.003276169925842565e+00 1.005172417040625987e+00 9.966505951621852377e-01 1.006235607115232078e+00
1.005391260168726042e+00 1.011080146683450698e+00 1.015404843278400637e+00 1.008516682274985143e+00 1.003390612792984582e+00 1.000572634582439058e+00 1.003191357974884346e+00 1.005021194126782591e+00 9.966897781217153307e-01 1.007176209814552692e+00
1.005363750919355370e+00 1.011042106779932448e+00 1.015330236046138257e+00 1.008470622715847087e+00 1.003364499322649595e+00 1.000740317323189688e+00 1.003151594850113515e+00 1.005016092011782769e+00 9.965691110705919842e-01 1.008170975556663018e+00
1.005378889463765857e+00 1.011002721277407979e+00 1.015256310356067226e+00 1.008424985710376642e+00 1.003205666757773784e+00 1.000727751191201165e+00 1.003361460093363577e+00 1.005338008164348373e+00 9.965252140917635337e-01 1.009354296429346487e+00
1.005322095801365334e+00 1.010901607243250622e+00 1.015184504507285812e+00 1.008381083313886650e+00 1.003142378195682527e+00 1.000715325672371980e+00 1.003364750726929877e+00 1.005343585307377330e+00 9.965218924441773263e-01 1.007767954007794398e+00
1.005277878160952598e+00 1.010843974187037864e+00 1.015113258695665488e+00 1.008337511017151078e+00 1.003154725253495583e+00 1.000703038704403802e+00 1.003366026912839049e+00 1.005365731255474682e+00 9.965588277083494706e-01 1.007947933012329322e+00
1.005249147528406883e+00 1.010785218494826054e+00 1.015042432804274419e+00 1.008294139679160928e+00 1.003188342187194326e+00 1.000690888263088718e+00 1.003146511575099709e+00 1.005171458554878772e+00 9.966376312675744309e-01 1.008246965608494028e+00
1.005222475251218883e+00 1.010728893770784564e+00 1.014971906031827853e+00 1.008250871622381473e+00 1.003140309946205511e+00 1.001006630861306812e+00 1.003129461829302294e+00 1.005142496846828104e+00 9.966643036631115393e-01 1.008685449859084704e+00
1.005166294382170422e+00 1.010683275371608181e+00 1.014902614182461305e+00 1.008207013247930606e+00 1.003118659388460010e+00 1.000771183385121166e+00 1.002974737393204752e+00 1.004962860280064652e+00 9.966823646610171172e-01 1.006788340595013764e+00
1.005134125934184830e+00 1.010614961631515651e+00 1.014832505252164507e+00 1.008162296081157816e+00 1.003096146851297776e+00 1.000573667837482583e+00 1.002903689518248376e+00 1.004766870974216131e+00 9.966772244569424011e-01 1.005379303877799613e+00
1.005110492226342078e+00 1.010549610642156981e+00 1.014763156495148921e+00 1.008119630998568717e+00 1.003073562403917096e+00 1.000531523758756647e+00 1.002900527148700593e+00 1.004365765220419426e+00 9.966681442264024859e-01 1.005816143447504363e+00
1.004963174646287927e+00 1.010526846929005407e+00 1.014695701870165667e+00 1.008078494032763395e+00 1.003053705011769381e+00 1.000520465409052928e+00 1.003144519988194316e+00 1.005110173845313648e+00 9.967027231855429825e-01 1.006968694756072535e+00
