1.508414441420880658e+00 2.500000000000000000e+01 5.600000000000000000e+01 1.200000000000000000e+01 1.000000000000000000e+00 1.669812202453613281e+00 1.000000000000000000e+00 1.688003540039062500e+00 1.508414441420880658e+00 2.500000000000000000e+01
-5.982525072754002471e-01 -2.400000000000000000e+01 1.119999999999999574e+01 2.399999999999998579e+00 1.000000000000000000e+00 8.959054946899414062e-01 1.000000000000000000e+00 9.068965911865234375e-01 4.878058905476339024e-01 -6.000000000000000000e+00
-1.431715402026598749e+00 -2.400000000000000000e+01 1.119999999999999574e+01 2.399999999999998579e+00 1.032550000000000079e+00 1.631093025207519531e+00 1.000000000000000000e+00 1.641893386840820312e+00 -3.772668259110512068e-01 -5.611200000000000188e+00
-2.377670221222744296e+00 -2.400000000000000000e+01 1.119999999999999574e+01 2.399999999999998579e+00 -4.048474207499999977e+00 4.918813705444335938e+00 -2.168000000000000149e+00 -3.067315292358398615e+00 -1.303419663948777174e+00 -5.316679334399999846e+00
-2.710032725264633235e+00 -1.800000000000000000e+01 1.119999999999999574e+01 2.399999999999998579e+00 1.000000000000000000e+00 1.199698448181152344e+00 1.000000000000000000e+00 1.209282875061035156e+00 -1.580366916020377932e+00 9.093607761722299898e-01
-1.886796369099339010e+00 -1.600000000000000000e+01 1.119999999999999574e+01 2.399999999999998579e+00 1.000000000000000000e+00 5.764450261592864999e-01 1.000000000000000000e+00 5.900859832763671875e-01 -7.027068688858362222e-01 2.878044776476047062e+00
-8.590292412159592494e-01 -1.600000000000000000e+01 1.119999999999999574e+01 2.399999999999998579e+00 1.000000000000000000e+00 1.663243551433324807e+00 1.000000000000000000e+00 1.674199104309082031e+00 3.446617577887968742e-01 2.797763803420076911e+00
2.556634646476041439e-02 -1.200000000000000000e+01 1.119999999999999574e+01 2.399999999999998579e+00 1.000000000000000000e+00 6.624107057257582365e-05 1.000000000000000000e+00 3.657197952270507812e+00 1.221469932629915434e+00 6.734550112685417034e+00
2.863430804053195278e-01 -2.200000000000000000e+01 1.119999999999999574e+01 2.399999999999998579e+00 1.000410454825000350e+00 4.248857498168945312e-01 1.189999999999999947e+00 6.740508079528808594e-01 1.338377380494029101e+00 -4.237727073313747539e+00
-4.003689856381524859e-01 -2.560000000000000142e+01 1.007999999999999829e+01 2.159999999999998366e+00 1.000788494758157121e+00 1.716386391202828987e+00 8.100000000000000533e-01 1.325351238250732422e+00 7.979128553281165104e-01 -8.285574056129730636e+00
-1.707831943846014111e+00 -2.800000000000000000e+01 1.119999999999999574e+01 2.399999999999998579e+00 1.001136027384307958e+00 7.995971903401398739e-01 1.206025030999999803e+00 1.347025337401055900e+00 -7.116260949426087556e-01 -9.417520613429827492e+00
-2.339320701525603230e+00 -2.560000000000000142e+01 1.007999999999999829e+01 2.159999999999998366e+00 -4.103093937992728257e+00 4.840578743612964807e+00 -2.431708834364970429e+00 -3.453878488085605714e+00 -1.301285134431967805e+00 -8.591587510926414595e+00
-2.439029452738169734e+00 -1.819999999999999929e+01 1.007999999999999829e+01 2.159999999999998366e+00 1.000000000000000000e+00 5.713491758088323769e-02 4.661012951500329571e-01 -3.958195681284291112e-01 -1.456869832598857162e+00 -9.987830995438127246e-01
-1.973721947079525307e+00 -1.500000000000000000e+01 1.119999999999999574e+01 2.399999999999998579e+00 1.000000000000000000e+00 7.454899100322115446e-01 1.424566302283909902e+00 1.499673936949642794e+00 -6.713032213808224347e-01 3.375626692290394359e+00
-8.805049722463583750e-01 -1.039999999999999858e+01 1.007999999999999829e+01 2.159999999999998366e+00 1.000000000000000000e+00 1.010771743887673546e+00 9.360629224759899891e-01 9.522779356756112534e-01 1.839315693607288527e-01 6.549948838657655870e+00
-1.457281748491361384e-01 -1.380000000000000071e+01 1.007999999999999829e+01 2.159999999999998366e+00 1.270793573403862453e+00 7.747909830107642057e-05 9.289588027510999879e-01 3.578740531793159096e+00 9.081315263753000355e-01 3.049066230396775268e+00
2.577087723647875084e-01 -2.080000000000000071e+01 1.007999999999999829e+01 2.159999999999998366e+00 9.225463814211378732e-01 2.753973007202148438e-01 1.089954225278999989e+00 4.819379720322762850e-01 1.193461307507565072e+00 -5.077376365958568449e+00
-5.188434351558534052e-01 -2.303999999999999915e+01 9.071999999999995623e+00 1.943999999999999062e+00 8.785931418483157174e-01 4.723787307739257812e-01 7.204577472100002211e-01 1.551409629658140332e-01 5.903494771420378928e-01 -6.724814322948502898e+00
-1.344789824046412452e+00 -2.560000000000000142e+01 1.007999999999999829e+01 2.159999999999998366e+00 9.304751102707431443e-01 1.838898658752441406e+00 8.999999999999999112e-01 1.693210601806640625e+00 -1.105215573050885580e-01 -8.088404009268455042e+00
-2.295857912535510081e+00 -2.800000000000000000e+01 1.119999999999999574e+01 2.399999999999998579e+00 -4.103046541782406464e+00 5.003651172513228218e+00 -2.168000000000000149e+00 -3.067315292358398615e+00 -1.288338494546335200e+00 -9.044510179913960002e+00
-2.195126507464352894e+00 -1.537999999999999901e+01 9.071999999999995623e+00 1.943999999999999062e+00 1.098977575354123104e+00 1.270940823242823203e+00 4.679637808083274564e-01 9.370556262321221297e-01 -1.278635581085086903e+00 -4.735747741859874793e-02
-1.672550385724644428e+00 -1.039999999999999858e+01 1.007999999999999829e+01 2.159999999999998366e+00 9.010224246458768960e-01 1.588106236109467995e+00 1.319525876742797088e+00 2.305658763793655641e+00 -5.037569157471504244e-01 6.187940938133763780e+00
-9.100596687596216317e-01 -1.035999999999999943e+01 9.071999999999995623e+00 1.943999999999999062e+00 1.189392597182246547e+00 1.660693432298545824e+00 1.983644512016842221e-01 4.648796728100643705e-01 -1.690656038664906102e-01 6.853562345192527161e+00
-3.937217355573148225e-01 -1.400000000000000000e+01 1.119999999999999574e+01 2.399999999999998579e+00 1.327687026237008183e+00 1.563877343817847865e-04 1.536324647287799827e+00 4.010512710462636576e+00 8.113387231254890475e-01 1.506506674703299353e+00
2.421644337142128123e-01 -5.720000000000000639e+00 9.071999999999995623e+00 1.943999999999999062e+00 4.833494390601140722e-01 1.154557663756394348e+00 4.636753527122001728e-01 5.043007126941017049e-01 1.404747117407338264e+00 1.269114663434049106e+01
-8.436894333371028898e-01 -2.200000000000000000e+01 1.119999999999999574e+01 2.399999999999998579e+00 1.000859116517145431e+00 1.017626326722121277e+00 1.120602503099999758e+00 1.336308330554071055e+00 9.840539755988625403e-02 -4.452358898670697229e+00
-1.506369133703699958e+00 -1.819999999999999929e+01 1.107999999999999829e+01 2.159999999999998366e+00 -4.103357542259565172e+00 4.388498563144072051e+00 -2.288602503099999907e+00 -3.202017826098504383e+00 -5.269172458938438108e-01 8.330269753264243349e-01
-1.975613856717917560e+00 -1.484199999999999875e+01 9.164799999999999613e+00 1.749599999999999156e+00 1.098977575354123104e+00 4.831928791584356730e-01 4.593246375428803319e-01 2.098244401264750536e-01 -1.129362301759311293e+00 -1.160530450768602506e+00
-1.525748424323988495e+00 -1.235999999999999943e+01 1.007199999999999562e+01 1.943999999999999062e+00 9.010224246458768960e-01 1.290909237758727679e+00 1.215308818010691905e+00 1.967466662676323530e+00 -4.627022364955766798e-01 3.045634791474695291e+00
-6.912219695598560421e-01 -1.232399999999999807e+01 8.164799999999999613e+00 1.749599999999999156e+00 1.349106211696739166e+00 1.333643729877543427e+00 5.965972246140651691e-01 9.271714321030524175e-01 1.131966505784399724e-01 3.340340457860211387e-01
-1.720615117078396761e-01 -1.342000000000000171e+01 9.071999999999995623e+00 1.943999999999999062e+00 1.305956613635701480e+00 2.882296295895583654e-04 1.007958345003889811e+00 4.061924679541741412e+00 8.124386833081347348e-01 2.566729501844267958e+00
2.077214517568872765e-01 -1.814799999999999969e+01 8.164799999999999613e+00 1.749599999999999156e+00 7.921144674181510581e-01 9.839401393652276173e-01 8.490416196729801968e-01 9.963321727717056042e-01 1.006274393811628531e+00 -5.831408060859970099e+00
-3.544671671953211201e-01 -2.473600000000000065e+01 8.164799999999999613e+00 1.749599999999999156e+00 5.541542519708828607e-01 1.680893734554207875e+00 6.018023147663709160e-01 1.235554442603893577e+00 8.156144226549087994e-01 -8.179944669082921394e+00
-1.713456540068261535e+00 -2.519999999999999929e+01 1.007999999999999829e+01 2.159999999999998366e+00 -4.103283475606640529e+00 2.181680605199862732e+00 1.318370076408604152e+00 1.413351326327812352e+00 -9.723928780786352810e-01 -1.047865904559307282e+01
-2.253673440868654509e+00 -2.303999999999999915e+01 9.071999999999995623e+00 1.943999999999999062e+00 -4.104138205629825897e+00 4.433417320251464844e+00 -2.620760418685974980e+00 -3.616251215189719481e+00 -1.457227532935988723e+00 -6.981268883655872060e+00
-1.778052471046125627e+00 -1.335779999999999923e+01 7.248319999999999652e+00 1.574639999999998707e+00 1.501671217596380004e+00 -1.959190947436730834e-01 -5.566451660913367405e-01 -9.020770484144042811e-01 -9.880939456291260026e-01 -1.153025420698533310e+00
-3.492362927086311020e-01 -1.860000000000000142e+01 1.007999999999999829e+01 2.159999999999998366e+00 1.282442026534085677e+00 4.563770803881944172e-04 1.643268705099409921e+00 5.308733613445189015e+00 7.553183967303637170e-01 -6.563414371136700787e+00
1.869493065811984600e-01 3.666800000000000281e+00 7.348320000000001073e+00 1.574639999999998707e+00 3.157338301599086350e-01 2.105452216597393900e+00 3.569193478505523487e-01 8.869050147293648934e-01 9.607299116664241856e-01 1.969546638820828477e+01
-1.406864913262851235e+00 -2.337999999999999901e+01 8.972000000000001307e+00 1.943999999999999062e+00 -4.202613976931782069e+00 2.096045075667435587e+00 1.013390395266574373e+00 1.409029098478645103e+00 -7.009121311383476050e-01 -8.482494827583977326e+00
-2.023192827488837331e+00 8.263999999999999346e+00 8.164799999999999613e+00 1.749599999999999156e+00 -4.103719398815473873e+00 4.497599601745605469e+00 -2.534199041273955011e+00 -3.760548356727466679e+00 -1.346816038577594909e+00 2.259737100772753848e+01
-1.600247223941513086e+00 -1.202201999999999948e+01 7.523488000000000397e+00 1.417175999999999547e+00 1.344912476590503836e+00 -1.793603604910637861e+00 -4.014069998460634281e-02 -1.343920335274840561e+00 -7.077292473549882112e-01 -5.994906656419480839e+00
-2.191035892030002152e-02 -1.207800000000000296e+01 9.164799999999999613e+00 1.749599999999999156e+00 1.470733502804228543e+00 4.440195236685587441e-04 1.058645015511084253e+00 3.838153996409238822e+00 8.025614460490254620e-01 4.012091790857332363e+00
1.682543759230785696e-01 -1.369988000000000028e+01 7.613488000000003808e+00 1.417175999999999547e+00 8.435487451165153416e-01 2.635445155587719523e-01 6.551237411819768042e-01 1.676501075978986677e-02 9.472062178672440158e-01 -4.596949649971835861e+00
-2.269816032026505948e-01 -1.426239999999999952e+01 8.348320000000001073e+00 1.574639999999998707e+00 -4.761566945569295051e+00 5.922389163104131882e+00 -2.879421565864411559e+00 -3.978202874572964731e+00 8.293469555393324644e-01 2.410402203529836029e+00
-1.440222501547361755e+00 -8.819817999999999714e+00 6.771139200000000358e+00 1.275458399999999770e+00 6.786331804231293674e-01 8.128214554149590931e-01 1.176565831696239073e-01 3.656179650484689958e-01 -1.078336630258950324e+00 3.578295112349181295e-01
-1.383400120477493722e+00 -1.112399999999999878e+01 9.064799999999998192e+00 1.749599999999999156e+00 1.322195670761396880e+00 -9.909972728057270253e-02 1.128729735626113673e+00 5.678846360643312607e-01 -4.182237785190440760e-01 2.617528519996460190e+00
-7.550447742206259916e-01 -1.109159999999999791e+01 8.348320000000001073e+00 1.574639999999998707e+00 1.657018695569294486e+00 1.928958058456748281e+00 1.361574506720915068e-01 3.877936134123354250e-01 -1.962299216517940925e-01 5.212556196798670882e+00
-2.631799705082467078e-01 -1.274000000000000199e+01 1.007199999999999562e+01 1.943999999999999062e+00 1.241708854419847796e+00 -7.972357695259315591e-01 1.557143915743570695e+00 3.422479315271284683e+00 7.995004376124398293e-01 -1.052776424405466926e+00
1.667687462096272277e-01 2.067010799999999904e+01 6.852139200000003427e+00 1.275458399999999770e+00 8.829362174972477106e-01 2.350318235651419840e+00 5.157755020142498203e-01 1.207483986682393429e+00 8.353402324086866004e-01 2.889249453894398911e+01
-2.093967121753376182e-01 -1.683615999999999957e+01 7.513488000000002387e+00 1.417175999999999547e+00 1.402815024311117043e-01 -2.974389021553260903e-01 5.219582715666781780e-01 -7.179294862322560533e-02 8.288848587537831492e-01 -6.100504050178935600e+00
-8.779483375998821115e-01 -2.303999999999999915e+01 1.007199999999999562e+01 1.943999999999999062e+00 6.791541487442316338e-01 1.199337184597017103e+00 1.197659141700597729e+00 6.084278029420842060e-01 -4.294116334813743996e-02 -8.039252790707919871e+00
-1.419576500725130419e+00 -2.104199999999999804e+01 9.074800000000003308e+00 1.749599999999999156e+00 1.322371005122930931e+00 7.040475242246635457e-02 8.550160994359110589e-01 2.343771727771399860e-01 -8.296729220082018630e-01 -7.092937322055421490e+00
-1.744174505345671200e+00 -2.156240000000000023e+01 8.348320000000001073e+00 1.574639999999998707e+00 -4.101225297357922628e+00 5.246390671019836915e+00 -2.410675241136508884e+00 -3.575653333873521689e+00 -1.199456762481747596e+00 -7.305964480376749393e+00
-1.296200251392625624e+00 -9.937836199999999565e+00 6.094025279999996769e+00 1.147912559999999971e+00 8.092406345666161016e-01 2.808583037001597393e-01 1.498170401867593426e-01 -7.926651385062033484e-02 -9.166630925006223896e-01 -2.167566787913882465e+00
-1.178587607621366828e+00 -1.101159999999999961e+01 8.158319999999996242e+00 1.574639999999998707e+00 1.191588216617910145e+00 1.170096053868742825e+00 1.052122115372207567e+00 1.808316225584248649e+00 -3.046479597353214386e-01 1.466088824046245520e+00
-5.977279881113292115e-01 -5.982439999999998648e+00 7.513488000000002387e+00 1.417175999999999547e+00 1.595878669537583505e+00 8.120988204725954063e-01 3.713160819568037674e-01 6.559469794016097310e-01 1.267360468071032642e-01 3.877612154893919083e+00
-2.191368254534034055e-01 -1.087020000000000231e+01 8.248319999999999652e+00 1.574639999999998707e+00 1.554705983266718050e+00 6.959096255457941811e-04 1.217226610140848209e+00 3.842967661646746080e+00 6.099696458049467251e-01 5.076370359607686567e+00
1.347520637098080787e-01 1.060309719999999878e+01 6.166925280000000953e+00 1.147912559999999971e+00 1.039501007878262939e+00 1.620733541742728434e+00 6.394064323637653757e-01 4.696720790323469785e-01 7.282390015411250861e-01 1.773641609456294788e+01
-2.753826189379903200e-01 -1.115254399999999890e+01 6.762139200000000017e+00 1.275458399999999770e+00 -2.608567212484391717e-02 -3.414509718574745278e-01 3.676058731858415918e-01 -1.199042419790417036e-01 6.613815317457896192e-01 -1.103337992845009552e+00
-1.040703699194548637e+00 -1.473600000000000065e+01 9.064799999999998192e+00 1.749599999999999156e+00 7.827591519016383614e-01 1.496499278065144489e+00 8.778193528413393842e-01 9.346746017226563730e-01 -4.427649929231345372e-01 1.177132690728792674e+00
-1.319206859456449443e+00 -1.240615999999999985e+01 7.513488000000002387e+00 1.417175999999999547e+00 -4.046780845160306228e+00 6.246687186451067575e+00 -2.474522543483033576e+00 -3.723449931610848918e+00 -8.588177193695452072e-01 5.729139840946970708e-01
-1.166580226253362884e+00 -8.944052579999999253e+00 5.484622751999999934e+00 1.033121303999999796e+00 8.092406345666161016e-01 6.596663604804282599e-01 1.708145081240530772e-01 3.801243689376336832e-01 -8.170009915403708689e-01 -1.877584802947156462e+00
-1.096521731909894992e+00 -6.910439999999999472e+00 7.342487999999995907e+00 1.417175999999999547e+00 1.191588216617910145e+00 1.259092566151111647e+00 9.751965158374877873e-01 1.868499812607679722e+00 -3.029134446539701875e-01 4.522124892606143476e+00
-5.430684585931483399e-01 -3.384195999999999316e+00 6.762139200000000017e+00 1.275458399999999770e+00 1.899854561304816336e+00 -7.416576688485077007e-02 3.614883084088234000e-01 -2.060562003443813239e-01 1.080454031671190807e-01 5.462242936943599858e+00
-1.665435271503502568e-01 -6.783180000000001542e+00 7.423487999999998976e+00 1.417175999999999547e+00 1.415266785817971495e+00 1.169972011424255448e-03 1.112316803067087800e+00 2.837740163596564891e+00 5.934052369132674087e-01 8.157425743551371511e+00
1.212768573388272042e-01 -3.457212520000000566e+00 5.550232751999999437e+00 1.033121303999999796e+00 4.909170082212632735e-02 1.385998725891113281e+00 5.870422220348197051e-01 9.952321930325398469e-01 6.499734981694528235e-01 3.024792628467341871e+00
-3.961291665398032347e-01 -1.103728959999999937e+01 6.085925279999997883e+00 1.147912559999999971e+00 8.767288207465409045e-01 1.066684722900390625e+00 3.396234793956707243e-01 4.964541760998590902e-01 4.357822384257489801e-01 -1.931409939465137171e+00
-9.826527529116630966e-01 -1.926239999999999952e+01 8.158319999999996242e+00 1.574639999999998707e+00 7.041365467713154302e-01 2.529913002027210922e+00 8.309800576978259024e-01 1.209332679026348778e+00 -4.635767815880793563e-01 -4.798125885576887129e+00
-1.212852519975565091e+00 -1.516554400000000058e+01 6.762139200000000017e+00 1.275458399999999770e+00 -4.045113004995051220e+00 4.518153757611790056e+00 -2.513224874657121077e+00 -3.850820334894984764e+00 -8.081992025831821191e-01 -3.360944449767178099e+00
-1.049922203628026685e+00 -8.049647321999998439e+00 4.936160476799997809e+00 9.298091735999989282e-01 8.092406345666161016e-01 4.138525199935312315e-01 1.871628449401940841e-01 2.006928080784380342e-01 -7.328733931182883632e-01 -1.571512078144714053e+00
-9.306235964964320040e-01 -1.321939599999999970e+01 6.608239199999999869e+00 1.275458399999999770e+00 1.290815011752479702e+00 -6.925937628954661474e-01 9.039855558872629260e-01 3.985405479778192372e-01 -2.109946558125327387e-01 -2.817161030008254130e+00
-2.893441103087002197e-01 -1.304577639999999938e+01 6.085925279999997883e+00 1.147912559999999971e+00 1.467849567612317330e+00 9.158631574356651539e-02 3.505548204006485591e-01 -5.001784101951152195e-01 3.011982561856059171e-01 -5.046748874412823938e+00
4.441505869686612762e-02 -1.310486200000000068e+01 6.681139199999996947e+00 1.275458399999999770e+00 1.888395692929747405e+00 8.891181816095259684e-04 1.016743094762640798e+00 2.032895019189061792e+00 7.312052162373443576e-01 2.985091344773991295e-01
1.091491716049444172e-01 -1.511149126799999998e+01 4.995209476799999493e+00 9.298091735999989282e-01 8.014920812169208375e-01 1.611530584589408122e+00 5.392130551445748488e-01 3.306506416205641230e-01 5.795155274407918222e-01 -9.397502999062387730e+00
-1.570987474606895251e-01 -4.933560639999999609e+00 5.477332751999995253e+00 1.033121303999999796e+00 -6.993050447836601791e-02 1.855494553886192222e-01 3.139709320330816844e-01 3.989874963519142170e-01 5.803937150244804499e-01 3.107879649110090181e+00
-6.594036287306026534e-01 -1.333615999999999957e+01 7.342487999999995907e+00 1.417175999999999547e+00 4.042627857018974424e-01 6.645496789731463183e-01 7.086300457450227519e-01 3.827591322118668593e-01 3.642277025846480942e-01 -1.991076778381249746e+00
-1.608583386869812948e+00 -1.867999999999999972e+01 1.007199999999999562e+01 1.943999999999999062e+00 -3.691237018304656559e+00 3.729942903733722837e+00 1.092425733914209829e+00 1.774213272419887577e+00 -1.351043719605423021e+00 -3.537884697142699153e+00
-1.398363425555136930e+00 -1.164898960000000017e+01 6.085925279999997883e+00 1.147912559999999971e+00 -4.103350797324424981e+00 4.032802581787109375e+00 -2.573678429613466268e+00 -3.748407410137166274e+00 -1.037479477167410513e+00 -1.165368118976431333e+00
-9.449299832652240383e-01 -7.244682589799998240e+00 4.442544429119998028e+00 8.368282562399986801e-01 8.096092360576649938e-01 -7.750969101582543264e-01 2.048578427149934100e-01 -5.246144743074303562e-01 -6.549596431037763011e-01 -1.550710641813552115e+00
-9.347133534128793109e-01 -1.189745639999999938e+01 5.947415280000001303e+00 1.147912559999999971e+00 1.191588216617910145e+00 7.969494015339122495e-01 8.439996966429212932e-01 1.326872931762729024e+00 -2.784790348194065013e-01 -2.675823318321455702e+00
-5.467527796831499476e-01 -1.074119875999999962e+01 5.477332751999995253e+00 1.033121303999999796e+00 2.168146081700703220e+00 1.890926716780911843e-01 3.453961696276719451e-01 1.975107211052398171e-01 -8.405351575656805352e-03 -3.652132097346033390e+00
-2.310297196992836533e-01 -7.794375800000000964e+00 6.013025279999993700e+00 1.147912559999999971e+00 1.393460414782706991e+00 1.750954410330042826e-03 9.369903411968900642e-01 2.910448194069839012e+00 3.872140364390053158e-01 4.123481952863793154e+00
9.823425444444988663e-02 -9.600342141200000512e+00 4.495688529120002386e+00 8.368282562399986801e-01 7.238190398105359691e-01 1.906835836664603434e+00 5.036577778068584976e-01 6.147920316253694395e-01 5.135886407318410729e-01 -4.515340612050408708e+00
-1.107092569569076979e-01 -4.440204575999999292e+00 4.929599476799992885e+00 9.298091735999989282e-01 -5.928255593103859411e-02 -2.183316176094276528e-01 2.994919708924514978e-01 -4.190069276572661039e-02 5.363637143147645947e-01 2.709156873890199435e+00
-4.963111492914517586e-01 -1.300254400000000032e+01 6.608239199999999869e+00 1.275458399999999770e+00 5.853303800206370866e-01 1.555143445957245296e+00 7.463821268441992451e-01 1.500660921066918618e-01 3.944478812744561802e-01 -2.535024819205498048e+00
-1.216259619137191716e+00 -1.293779999999999752e+01 8.167320000000003688e+00 1.574639999999998707e+00 1.190035888432637190e+00 1.315711386748056322e+00 9.299622784526633268e-01 1.207835567132196974e+00 -1.027766023579967714e+00 -1.606101762380943043e+00
-1.110242273504011390e+00 -8.484090639999999794e+00 5.477332751999995253e+00 1.033121303999999796e+00 -4.099229053267542611e+00 5.070688930135188066e+00 -2.611154856837928140e+00 -3.732428166896282651e+00 -7.918995793394673077e-01 8.842896834944333762e-01
-8.504369849387016789e-01 -6.520214330819998239e+00 3.998289986208000357e+00 7.531454306159979240e-01 2.187625191497657440e-01 -9.543821815416044796e-01 -2.438170618477744522e+00 -3.723818059105395761e+00 -7.625885640801032261e-01 -4.341639839715183413e+00
-1.801916098836333413e+00 -1.350000000000000000e+01 1.107999999999999829e+01 2.159999999999998366e+00 2.171152604848263223e+00 1.602596361475514763e+00 5.181810479086439436e-01 1.116769961839259917e+00 -8.610521064378897638e-01 3.649206520070841009e+00
-1.262977515359178238e+00 -1.200000000000000000e+01 1.219999999999999574e+01 2.399999999999998579e+00 1.125041400003603087e+00 6.854826961810740471e-01 1.952486047523565027e+00 2.480239762922633595e+00 1.720473036972178793e-01 1.012883066372484642e+01
-4.107131294177946979e-01 -1.146600000000000108e+01 9.064799999999998192e+00 1.749599999999999156e+00 2.248533830432638325e+00 3.837728185621941531e-04 2.176714086111700475e+00 1.441798106080866226e+00 5.915943242408061575e-01 -6.582603313367645370e-01
1.682505889867491611e-02 -8.640307927080000283e+00 4.046119676208000726e+00 7.531454306159979240e-01 1.000000000000000000e+00 0.000000000000000000e+00 1.000000000000000000e+00 4.744911193847655362e+00 1.356967014881916622e+00 2.929042198271270436e+00
8.672832311013745077e-02 -1.177627713437200008e+01 3.641507708587198522e+00 6.778308875543981316e-01 5.652861639864896759e-01 1.941430372492240153e+00 3.705370533321614701e-01 1.241313009007773971e-01 3.229740179982762971e-01 -8.336852758761789772e+00
-6.895871550350407553e-02 -5.996184118399999541e+00 4.436639529119993597e+00 8.368282562399986801e-01 -4.258740864250762925e-01 1.168114353122254867e-01 -4.876769366574267295e-01 -1.200326727962151452e+00 1.464957153819797631e+00 4.179307176022708958e+00
-1.020097223943951636e+00 -2.280000000000000071e+01 1.107999999999999829e+01 2.159999999999998366e+00 9.272220207689816363e-01 2.396810657622994611e+00 1.454096729179455316e+00 2.520631479351244764e+00 -6.607044263222132674e-01 -6.341315270816082261e+00
-1.079293849344616030e+00 -1.464401999999999759e+01 7.350588000000001898e+00 1.417175999999999547e+00 1.070847656780357759e+00 9.551734314531670211e-01 8.415796626600555719e-01 1.648906104815099916e-01 -9.510667306909971197e-01 -4.394595675856480810e+00
-9.889915075677058187e-01 -7.635681575999999637e+00 4.929599476799992885e+00 9.298091735999989282e-01 -4.097165315887743020e+00 4.548527759445418539e+00 -2.608341162593532214e+00 -3.734166916439618067e+00 -7.067053933535329957e-01 8.207386061310320002e-01
-7.653932864448315110e-01 -5.868192897737998237e+00 3.598460987587202453e+00 6.778308875543981316e-01 2.187625191497657440e-01 -8.215832813798384926e-01 -2.135373661925969557e+00 -3.245861241169462730e+00 -6.754856668947892828e-01 -3.874580500230985436e+00
-1.585931603902035025e+00 -1.314999999999999858e+01 9.972000000000001307e+00 1.943999999999999062e+00 2.171152604848263223e+00 3.137769408820503814e-01 5.261385922565708917e-01 -4.751897662057480431e-02 -7.251322027242357304e-01 2.328416729653911332e+00
-1.070207263014882670e+00 -1.480000000000000071e+01 1.097999999999999687e+01 2.159999999999998366e+00 2.164757648528532030e+00 1.729633507812904814e+00 1.801960541286271145e+00 2.622090224937003278e+00 2.355256565760471821e-01 5.061845725941928720e+00
6.400326727392615211e+00 -3.319400000000001683e+00 8.158319999999996242e+00 1.574639999999998707e+00 1.633838308895367852e+00 -7.968037687654166978e-01 2.156845070621526972e+00 4.772869867965948920e+00 6.159200537924799379e-01 5.295956862252054975e+00
1.351572719267734080e+01 4.013505790652001082e-01 3.277356937728477249e+00 6.100477987989592066e-01 5.301067474666805168e-01 1.097401913296666809e+00 1.934440483075805517e-01 -8.289741640072056938e-01 2.874883553074587539e-01 4.248353392239481607e+00
6.845963970825183154e+00 -1.139656570656000056e+01 3.992975576207996369e+00 7.531454306159979240e-01 -3.747086436717461666e-01 -3.461446580411189355e-01 1.351072909418493673e-01 -5.224118321020467803e-01 4.962069933204518168e-01 -5.490606186776262554e+00
-1.205214446137492512e-02 -1.470228960000000029e+01 5.947415280000001303e+00 1.147912559999999971e+00 -1.695345579285865156e-01 2.010568297478985578e+00 4.903564807645031109e-01 1.425122809650789080e+00 5.328079407307899640e-01 -5.496317879432734976e+00
-7.956916858110902879e+00 -1.681199999999999761e+01 9.064799999999998192e+00 1.749599999999999156e+00 -3.320224215927943145e+00 2.619187729328549263e+00 9.694006794207328248e-01 1.634641799360569969e-01 -1.398880800274300062e+00 -2.872072369115155510e+00
-1.471637252495351511e+01 -1.387211341839999967e+01 4.436639529119993597e+00 8.368282562399986801e-01 -4.103020139114768483e+00 4.458904266357421875e+00 -2.554600123314620053e+00 -3.567558622507142729e+00 -8.023986588012264054e-01 -6.240971814424010944e+00
-1.421856450695170437e+01 -5.281373607964198413e+00 3.238614888828479366e+00 6.100477987989592066e-01 -1.148183447796196077e-01 -1.430507632479753433e+00 -1.872542875171176568e+00 -3.119458974987662891e+00 -6.086975314414259097e-01 -3.436907344659033470e+00
-7.982549677076471895e+00 -1.183499999999999908e+01 8.974800000000001887e+00 1.749599999999999156e+00 2.486492624274769803e+00 -5.775183816371376455e-02 5.224492159638338684e-01 -3.386022183750121428e-01 -6.223544827134228630e-01 2.132078450308899420e+00
-5.132188389336060919e-01 -9.320000000000000284e+00 9.881999999999997897e+00 1.943999999999999062e+00 2.297840702393128431e+00 7.985172976362876485e-01 1.656103239957709139e+00 1.640982709051812094e+00 2.507221461419683051e-01 8.545531072780775617e+00
6.118222905160003222e+00 -5.987460000000002225e+00 7.342487999999995907e+00 1.417175999999999547e+00 1.524320129894790377e+00 -7.962692508158284443e-01 1.955349788108097009e+00 3.677941671086771613e+00 5.929824767162866772e-01 1.704423710016454763e+00
1.231755255219817258e+01 2.236121552115868027e+01 2.949621243955633076e+00 5.490430189190629306e-01 6.286835309675540273e-01 2.571176362937410254e+00 1.877160702164291095e-01 8.077540080791383303e-01 2.706519914945751948e-01 2.577085179517629143e+01
6.161367573742665193e+00 -2.256909135903999442e+00 3.593678018587198153e+00 6.778308875543981316e-01 -5.057034727157052600e-01 1.573658143957771260e-01 1.352247327700970558e-01 -2.286293128626137872e-02 4.434103143448127060e-01 3.149832348121016867e+00
-4.710411663809297433e-01 -5.232060640000000262e+00 5.352673752000001173e+00 1.033121303999999796e+00 -4.848552817990698927e-01 2.013946060663413640e+00 4.510148394822603990e-01 1.301244415175013103e+00 4.153786176280082065e-01 3.087674635538688150e+00
-7.416888636947419400e+00 -1.313079999999999892e+01 8.158319999999996242e+00 1.574639999999998707e+00 -2.986302750106963000e+00 2.789452081557719065e+00 8.213828161586405052e-01 -9.149989052406048984e-02 -1.335081584953506484e+00 -4.394774919893862375e-01
-1.324473527245816307e+01 -3.484902076559999173e+00 3.992975576207996369e+00 7.531454306159979240e-01 -4.102723310930790568e+00 3.709602355957031250e+00 -2.497150644331741276e+00 -3.368343448598670076e+00 -7.294899429600270047e-01 3.558557193337195557e+00
-1.279670805625653252e+01 -4.753236247167778927e+00 2.914753399945631429e+00 5.490430189190629306e-01 -4.150508358345237347e-01 -1.305419557809962772e+00 -1.640036810849863080e+00 -2.485730415757359424e+00 -5.497389760186502938e-01 -2.821815779815057823e+00
-7.235427402298346244e+00 -7.651499999999998636e+00 8.077320000000000277e+00 1.574639999999998707e+00 2.736899072858044679e+00 1.172606438625184655e+00 5.146790550836257694e-01 9.830405431535220728e-01 -5.608679940973503308e-01 5.238770903573378490e+00
-1.551007974631173347e-01 -9.388000000000001677e+00 8.893799999999998818e+00 1.749599999999999156e+00 2.385311089404701157e+00 1.281342512290724489e+00 1.521508169647047826e+00 2.092254355155557022e+00 2.590198738450727456e-01 6.998652818321851043e+00
6.273391008586823858e+00 -7.388714000000002002e+00 6.608239199999999869e+00 1.275458399999999770e+00 1.464482728392576760e+00 -7.956422191360027485e-01 1.772550093523983961e+00 4.095290203792507633e+00 6.079022129901899829e-01 -2.487999121195372254e-02
1.108579729697835425e+01 1.012509396904281189e+01 2.654659119560072611e+00 4.941387170271571705e-01 6.825398785217764441e-01 1.502839408467057325e+00 1.810090448887136105e-01 -3.927893479441868507e-01 2.372143964583913744e-01 1.328665613581688376e+01
5.289567351720792843e+00 -6.031218222313599497e+00 3.234310216728481180e+00 6.100477987989592066e-01 -5.920381291258225431e-01 6.522235725590915800e-01 1.336048532333364847e-01 3.583239234955115649e-01 3.616075028457723661e-01 -1.070251850829664786e+00
-6.796005143904436663e-01 -8.708854576000000236e+00 4.817406376800001055e+00 9.298091735999989282e-01 -7.352591251218929536e-01 1.725744152272119747e+00 4.141271836956206265e-01 7.705915943201420149e-01 3.274716550960459216e-01 -1.116691705898764653e+00
-7.033128623759326459e+00 -1.381771999999999956e+01 7.342487999999995907e+00 1.417175999999999547e+00 -2.685779998522634493e+00 4.192376538247023277e+00 6.837842423087283628e-01 1.017792585153040719e+00 -1.254523909583820096e+00 -2.239638800155960396e+00
-1.192026174521234694e+01 -9.136411868903998368e+00 3.593678018587198153e+00 6.778308875543981316e-01 -4.102456909270825847e+00 4.386305809020996094e+00 -2.435767184679178410e+00 -3.385155757815514477e+00 -6.630178814092784201e-01 -2.679029176512640831e+00
-1.151703725063087980e+01 -4.277912622451000679e+00 2.623278059951068997e+00 4.941387170271571705e-01 -6.852549106004546253e-01 -2.034028177382726899e+00 -1.434559683128198593e+00 -2.538454780151676360e+00 -4.964660419178351658e-01 -2.377881582125493054e+00
-6.409619276209468808e+00 -9.886349999999998417e+00 7.269587999999998829e+00 1.417175999999999547e+00 2.932203689035599137e+00 5.642026604734676765e-01 5.035741007817549075e-01 4.485193334152928202e-01 -4.903378471554916684e-01 1.858015775916847190e+00
-5.486522611529767168e-01 -8.449200000000001154e+00 8.004419999999996094e+00 1.574639999999998707e+00 2.440271376520033897e+00 1.925985867320614275e+00 1.397299429915700664e+00 2.708430631642416486e+00 1.947022613337481278e-01 6.389613412138277937e+00
4.725663434996755896e+00 -9.649842600000001269e+00 5.947415280000001303e+00 1.147912559999999971e+00 1.439528534546469452e+00 -7.949351073425667824e-01 1.606646835613937618e+00 3.962315286159721062e+00 4.513376636007330189e-01 -2.907713364854611626e+00
9.977217567280519006e+00 1.911258457213853035e+01 2.389193207604066060e+00 4.447248453244405653e-01 7.049955785266757147e-01 2.509236216656531404e+00 1.735099859481374907e-01 6.724515577883591888e-01 2.058587683632759902e-01 2.193785947584630236e+01
5.016274081196319123e+00 -9.428096400082239370e+00 2.910879195055635194e+00 5.490430189190629306e-01 -6.465320774900211731e-01 1.788169472937501947e-01 1.305396979277366754e-01 -3.337457521639919378e-01 3.376394643740604495e-01 -4.951831934127802093e+00
-4.071096912333137530e-01 -1.183796911840000021e+01 4.335665739120003082e+00 8.368282562399986801e-01 -9.305737506176829932e-01 1.676563915296004126e+00 3.795523077491460562e-01 6.249130203465913524e-01 2.947386187590596007e-01 -4.987999263391778015e+00
-6.380948454312916240e+00 -1.643594799999999978e+01 6.608239199999999869e+00 1.275458399999999770e+00 -2.415328752740030449e+00 4.116874827477816190e+00 5.555550022593878090e-01 7.167465528116609974e-01 -1.146433613545400299e+00 -5.978775636502851043e+00
-1.072823557069111189e+01 -1.122277068201359995e+01 3.234310216728481180e+00 6.100477987989592066e-01 -4.102217871089964163e+00 4.464697837829589844e+00 -2.370396520540264174e+00 -3.394635376133624760e+00 -6.032968853907441087e-01 -5.345284195346694744e+00
-1.036533352556779164e+01 -3.850121360205900345e+00 2.360950253955962808e+00 4.447248453244405653e-01 -9.284219936239366255e-01 -2.697241770029731533e+00 -1.253163415332594788e+00 -2.653061897387150481e+00 -4.492788315355177309e-01 -2.038894472823884030e+00
-5.717524655659000032e+00 -7.897714999999998042e+00 6.542629200000000367e+00 1.275458399999999770e+00 3.080922496760258422e+00 3.478929496267950672e-01 4.897773112313181798e-01 2.915538558183063955e-01 -4.336711744958794412e-01 2.777374110195989232e+00
-4.937870350376790118e-01 -7.604280000000001039e+00 7.203977999999999327e+00 1.417175999999999547e+00 2.472606620968391233e+00 1.920391411775375978e+00 1.282666849400333042e+00 2.684224144218076979e+00 1.763155092127213219e-01 5.811714317918799111e+00
4.713291327862773272e+00 -4.684858340000001675e+00 5.352673752000001173e+00 1.033121303999999796e+00 1.438244541037832391e+00 -7.941470135341145431e-01 1.456016478852612650e+00 2.811286889016062496e+00 4.485083488531306228e-01 1.489730605016241327e+00
8.979495810552467816e+00 1.620132611492467589e+01 2.150273886843656612e+00 4.002523607919972193e-01 7.061438889647781991e-01 1.229952334273860526e+00 1.653803506206452667e-01 -6.724925883459507148e-01 1.783992371562256318e-01 1.864178239124611736e+01
4.258983208429080847e+00 -1.485286760074015389e+00 2.619791275550070964e+00 4.941387170271571705e-01 -6.788557525348064559e-01 4.063536317433286138e-01 1.262812462327893570e-01 -2.521708013405987714e-01 2.660242566309639622e-01 2.465233537477326653e+00
-3.663987221099823666e-01 -7.654172206560000191e+00 3.902099165207999931e+00 7.531454306159979240e-01 -1.079311946155039781e+00 8.905933027994641371e-01 3.471526269968254752e-01 -2.380060691506740156e-01 2.466192361931196508e-01 -1.512887006246217858e+00
-5.640588223022581005e+00 -7.792353199999999980e+00 5.947415280000001303e+00 1.147912559999999971e+00 -2.171951415492252568e+00 4.218830170562126725e+00 4.358784305241059087e-01 3.849364595215973850e-01 -1.032080837129479622e+00 1.664519640612978080e+00
-9.655412013622001410e+00 -3.100493613812239424e+00 2.910879195055635194e+00 5.490430189190629306e-01 -4.102003439880665958e+00 4.584479331970215732e+00 -2.301123765037196289e+00 -3.172215693715936702e+00 -5.488463730898702764e-01 2.323334901806955344e+00
-9.328800173011012831e+00 -3.465109224185310310e+00 2.124855228560363685e+00 4.002523607919972193e-01 -1.147247165937638869e+00 -2.593637945745155271e+00 -1.093211073314042103e+00 -2.146512167391326997e+00 -4.064847522262364787e-01 -1.628247719611866984e+00
-5.196904883022622101e+00 -1.210794349999999753e+01 5.888366279999999620e+00 1.147912559999999971e+00 3.190420355062536295e+00 1.349213858191651294e-01 4.738420549670561144e-01 1.104622811248230363e-01 -3.931303009228011014e-01 -2.274953896929034158e+00
-3.932756386043896879e-01 -9.843852000000001823e+00 6.483580199999998683e+00 1.275458399999999770e+00 2.489704690518072638e+00 1.375998709482334270e+00 1.176862171532373047e+00 2.139612061780455932e+00 1.647597222173621256e-01 2.432013352785144633e+00
3.986298730428889048e+00 -7.216372506000000797e+00 4.817406376800001055e+00 9.298091735999989282e-01 1.452217344339833183e+00 -7.932809833700233959e-01 1.319194655726847465e+00 2.216747084109173649e+00 3.742689294457973714e-01 -1.435073222807258020e+00
8.081546229497220679e+00 1.058119350343221043e+01 1.935246498159287398e+00 3.602271247127966092e-01 6.935580863271022523e-01 2.470078850191312458e+00 1.567601169511263492e-01 6.414036803454177260e-01 1.536797369508089428e-01 1.283979935121867300e+01
3.526288730009044414e+00 -4.336758084066613783e+00 2.357812147995062446e+00 4.447248453244405653e-01 -6.962358958169145851e-01 1.706245229654892448e+00 1.210475537541952917e-01 9.434307255833527250e-01 1.972358922979167151e-01 -7.458356493110271934e-01
-8.922184721237191862e-01 -9.888754985904000705e+00 3.511889248687197096e+00 6.778308875543981316e-01 -1.188836008927045995e+00 2.175546361898474057e+00 3.167961486023838091e-01 1.106835026322010584e+00 1.485944285326954439e-01 -4.308751658926077255e+00
-5.383325558297451074e+00 -1.001311787999999936e+01 5.352673752000001173e+00 1.033121303999999796e+00 -1.952947642130486994e+00 3.832072955889373134e+00 3.241209247058427501e-01 -1.588475213301312472e-01 -9.694708675252001751e-01 -1.461912446510449826e+00
-8.689870812259799848e+00 2.120955574756898443e+01 2.619791275550070964e+00 4.941387170271571705e-01 -4.101811135113996087e+00 3.857898712158204013e+00 -2.228143308098728959e+00 -3.106287703544507117e+00 -4.999395645878152994e-01 2.610697274071447538e+01
-8.395920155709911015e+00 -3.118598301766779102e+00 1.912369705704328737e+00 3.602271247127966092e-01 -1.344158257196557571e+00 -1.996707538448466046e+00 -9.523441738636835296e-01 -1.289213593733190777e+00 -3.685812524939001689e-01 -1.369998455765617962e+00
-4.984010552297487351e+00 -5.897149149999997064e+00 5.299529651999996815e+00 1.033121303999999796e+00 3.267055804059929791e+00 4.487543097534232306e-01 4.562438178806633715e-01 4.798566738159379952e-01 -3.834259419250552470e-01 3.096253507013237538e+00
-4.050807676734720641e-01 -4.859466800000001641e+00 5.835222180000002368e+00 1.147912559999999971e+00 2.497023759848032043e+00 1.294669884276621996e+00 1.079195228484677749e+00 1.968569321351108847e+00 1.426854607332821434e-01 6.352223579496385497e+00
3.383138085667914297e+00 -2.494735255400000185e+00 4.335665739120003082e+00 8.368282562399986801e-01 1.475211387091213133e+00 -7.923425126201920632e-01 1.194861109652248565e+00 2.449298440630588658e+00 3.115780860019496945e-01 2.935642371346521173e+00
7.222258913617975118e+00 1.552307415308898797e+01 1.741721848343360080e+00 3.242044122415173035e-01 6.728511164358152996e-01 2.436858503831129674e+00 1.477711256210936241e-01 5.629713849809308002e-01 1.254002419117343781e-01 1.770419838498758835e+01
3.173659857008139795e+00 -7.903082275659952138e+00 2.122030933195553359e+00 4.002523607919972193e-01 -7.040111823332146912e-01 1.845722452342277720e+00 1.150278481871520597e-01 8.687161140606223242e-01 1.656252241524855950e-01 -4.467990454359328290e+00
-8.029966249113473786e-01 -8.899879487313599569e+00 3.160700323818474544e+00 6.100477987989592066e-01 -1.265502458324212931e+00 1.914085645319456574e+00 2.883577429892039135e-01 7.386683875268014177e-01 1.173311140770674221e-01 -3.588060091038398625e+00
-5.151789160044834226e+00 -1.301180609200000049e+01 4.817406376800001055e+00 9.298091735999989282e-01 -1.755885106984129251e+00 3.834946358045267623e+00 2.197906377227956121e-01 -2.317723655709320596e-01 -9.127613258522830897e-01 -4.939891911650260425e+00
-7.769751038104298679e+00 -2.791139982718791401e+01 2.357812147995062446e+00 4.447248453244405653e-01 -4.101638724711500039e+00 4.457807540893554688e+00 -2.151734036830657004e+00 -3.127468547530382281e+00 -4.509375229374135152e-01 -2.333828437422049618e+01
-7.556328140138919736e+00 -2.806738471590101369e+00 1.721132735133892311e+00 3.242044122415173035e-01 1.033827437453720854e+00 -3.246072527827466914e+00 -1.449555764332178143e+00 -2.684741226994979968e+00 -4.595023586235746915e-02 -8.875141145145471810e+00
-7.099883632645007658e+00 -1.070771075999999944e+01 5.352673752000001173e+00 1.033121303999999796e+00 1.156603306021477096e+00 7.531946638977380371e-01 7.881378736059803103e-01 1.272243801728913049e+00 -2.468525773552808777e-01 -2.441478077249248813e+00
4.231977017235976080e-01 -1.066707888400000037e+01 4.929599476799992885e+00 9.298091735999989282e-01 2.301061570888379926e+00 1.727127347678122371e-01 3.387278692549857695e-01 2.221731800399187051e-01 -7.242850592558358613e-03 -4.280461654195931942e+00
7.983530659579969324e+00 -1.101493822000000122e+01 5.411722751999995751e+00 1.033121303999999796e+00 1.304689831132958666e+00 2.670889441162783030e-03 2.002483048816411149e+00 3.920810543624607902e+00 1.958338603355445073e-01 7.407266678686323047e+00
6.397767636397135860e+00 -5.029233262219911182e+00 1.567549663509026914e+00 2.917839710173648626e-01 -2.789565849365747141e-01 1.663053347139075377e+00 1.385198153933124843e-01 5.396347067205686798e-01 9.609258535921572086e-02 -3.319559999518187254e+00
2.600630406659718119e+00 -7.112774048093957191e+00 1.909827839876001576e+00 3.602271247127966092e-01 2.793901278097807861e-01 2.730845243616851548e+00 1.083867565378353603e-01 8.798662206522873674e-01 1.135097035890493267e-01 -4.335236572006794020e+00
-9.783604270678194492e-01 -8.009891538582239789e+00 2.844630291436629932e+00 5.490430189190629306e-01 -1.314869911750739639e+00 9.559767433419175120e-01 2.617198750675111540e-01 -3.665307622839319990e-01 6.627242116240372738e-02 -3.576780503756780583e+00
-5.045671787476522674e+00 -7.710625482800000263e+00 4.335665739120003082e+00 8.368282562399986801e-01 -1.578612572567230421e+00 7.830381498745404123e+00 -2.944461196619675647e+00 -3.928330412640209435e+00 4.246759936131749846e-02 3.516124562122218578e+00
-6.851828019054551078e+00 1.847393537556891019e+01 1.549019461620503080e+00 2.917839710173648626e-01 -1.523026152144269396e+00 -1.151688435750266581e+00 -9.572455415836556014e-01 -1.525320397374898107e+00 -3.365122823809807429e-01 2.112853283685912231e+01
-4.281078725349653169e+00 -2.307434234999997003e+00 4.769576686799993581e+00 9.298091735999989282e-01 3.185066944294151270e+00 -4.577655749131976926e-01 4.373903943835699692e-01 2.858876173059954340e-01 -3.238210029521207955e-01 5.856919372600060569e+00
-1.089092262585179549e-01 -4.373520120000002009e+00 5.251699962000003552e+00 1.033121303999999796e+00 2.631463972985874644e+00 1.335588191813681380e+00 9.890301567541293082e-01 1.982952178876029592e+00 1.541804536213398080e-01 5.728328690176990534e+00
3.505018513466815477e+00 -9.245261729860001054e+00 3.902099165207999931e+00 7.531454306159979240e-01 1.392865406572786569e+00 -7.915029350576261447e-01 1.126632031552335711e+00 1.754345713954172936e+00 3.265324847070910641e-01 -3.899236350200308010e+00
5.911388951545985648e+00 1.547369006400208136e+01 1.410794697158124222e+00 2.626055739156285540e-01 7.469488460428266308e-01 2.455306989317880273e+00 1.281071802949673710e-01 4.910757539628383128e-01 1.022531745307857509e-01 1.710881511565160906e+01
2.596230830641354181e+00 -3.401496643284561472e+00 1.718845055888401419e+00 3.242044122415173035e-01 -8.369205632930141192e-01 1.106892785496659037e+00 1.001652796347274332e-01 -1.767133823756239508e-01 1.270678047718947212e-01 -6.752978361311074984e-01
-7.782589985019947587e-01 -3.208902384724016343e+00 2.560167262292964097e+00 4.941387170271571705e-01 -1.183557640723193582e+00 2.457458418210006990e+00 4.928471164553061001e-02 2.705565212338907344e-01 6.842895926473735457e-02 1.108647213706216661e+00
-4.183175758222219542e+00 -1.093956293451999962e+01 3.902099165207999931e+00 7.531454306159979240e-01 -1.576916258620198796e+00 6.969536678201490254e+00 -2.760555293184191239e+00 -3.713582161816367577e+00 7.119320487986580126e-02 -3.112676662334283861e-01
-6.166645217149095970e+00 1.962654183801201668e+01 1.394117515458454193e+00 2.626055739156285540e-01 -1.524722466091301243e+00 -5.079296090328719870e-01 -8.372379855772633661e-01 -1.481244942225163896e+00 -2.977096532200936840e-01 2.153446993690696232e+01
-3.495042002308037965e+00 -5.076690811499997125e+00 4.292619018119992802e+00 8.368282562399986801e-01 3.066898190597906471e+00 -6.334163519034508028e-02 4.157725748387575138e-01 1.351263728377773532e+00 -2.508981992487778201e-01 2.458195659451710924e+00
2.599105468739835167e-01 -7.936168108000002164e+00 4.726529965800004618e+00 9.298091735999989282e-01 2.981456064111940751e+00 -1.899885844506217225e-01 8.773463548542537183e-02 9.439367944967358426e-03 3.671607719535926462e-01 -1.072161905942853011e+01
7.134044900692449787e+00 -5.913444398000001101e+00 4.870550476799998307e+00 9.298091735999989282e-01 1.065714536140995428e+00 3.666167041313145303e-03 1.832533008725500068e+00 3.701577910370490443e+00 1.944808929314818524e-01 1.321703457376792734e+01
5.217984670532343827e+00 1.192632105760187500e+01 1.269715227442311800e+00 2.363450165240656986e-01 -1.636097452192961654e-01 1.654255701570227721e+00 1.167416774666278911e-01 4.261374877600747624e-01 8.364879959451643199e-02 1.357657717249337992e+01
2.080944282929610978e+00 3.938653021043894586e+00 1.546960550299559145e+00 2.917839710173648626e-01 8.873131432764607140e-01 1.457845853300377748e+00 9.064159878770894352e-02 6.311600878467382714e-01 8.961682105943824528e-02 6.611148403975581012e+00
-1.109494642087966332e+00 -8.880121462516143982e-01 2.304150536063666266e+00 4.447248453244405653e-01 6.914002325124721793e-01 2.217142598073233106e+00 -1.326769653654826797e-01 2.471626098918200398e-01 2.083200921701844344e-02 3.278219666809672361e+00
-4.531848576342818902e+00 -8.456066410680000978e-01 3.511889248687197096e+00 6.778308875543981316e-01 -4.101313392081582521e+00 7.550610273268905104e+00 -2.574818916734414653e+00 -3.632440057805658373e+00 -1.336556900820795590e-02 9.098620193215932517e+00
-5.498848002504663768e+00 -6.336112345789183919e+00 1.254705763912610905e+00 2.363450165240656986e-01 1.033827437453720854e+00 -3.107664178122545806e+00 -1.497360857762407349e+00 -3.423383329677630371e+00 -1.005500615824594934e-02 -1.545758817310804645e+01
-6.389895269380507337e+00 -1.636939683999999673e+00 4.817406376800001055e+00 9.298091735999989282e-01 5.083482870528843733e-01 1.116530231281140262e+00 1.156601179788038891e+00 1.968994312338249841e+00 -4.928779919521585340e-01 1.709853006748909365e+01
2.938872046849960729e-02 -4.142551297200002480e+00 4.253876969220002024e+00 8.368282562399986801e-01 2.612501469306447444e+00 7.992939132547718373e-01 7.226567032672024382e-01 9.465329115343621424e-01 1.072432193996264438e-01 2.708176021647119569e+00
3.563578205556304113e+00 -3.320735556874000238e+00 3.511889248687197096e+00 6.778308875543981316e-01 1.553610137224066712e+00 -7.907876016644929118e-01 1.025635671324045539e+00 1.736882288768017091e+00 3.489559275812272876e-01 4.580857781409836349e+00
4.798451589338153411e+00 -1.226631104815831108e+01 1.142743704698077067e+00 2.127105148716594840e-01 6.022637356867930336e-01 2.449584865763613895e+00 1.047798330195535144e-01 4.037661555854477058e-01 8.589848855122539373e-02 -1.056369552848975601e+01
2.384176783931864385e+00 5.447877189395051722e-01 1.392264495269600388e+00 2.626055739156285540e-01 -8.210216061920823094e-01 1.718131741029268689e+00 8.025066925528268058e-02 3.340283165501425344e-01 1.312797804693844883e-01 3.070007075968618437e+00
-2.826874768658704240e-01 -3.799210931626452847e+00 2.073735482457301771e+00 4.002523607919972193e-01 -1.065415437740643956e+00 2.815426657829195545e+00 -2.938892162460420288e-01 -3.278166004576874570e-01 8.960744024393219043e-02 5.118481361007454211e-02
-3.056009860118109600e+00 -3.761045976961200132e+00 3.160700323818474544e+00 6.100477987989592066e-01 -1.575256151600380905e+00 2.186516492183030458e+00 6.598452729864252575e-01 3.180198098085060820e-01 -7.892770130496749026e-01 -6.051123253774537858e+00
-7.043908627223389729e+00 -3.120259844469122523e+00 2.122030933195553359e+00 4.002523607919972193e-01 -4.101484663359584282e+00 4.527997970581054688e+00 -2.052473510319912542e+00 -3.010681070358564249e+00 -4.647355320732708961e-01 7.490629551125127961e+00
-4.948963202254198279e+00 -5.702501111210265705e+00 1.129235187521352657e+00 2.127105148716594840e-01 -1.683754126919241756e+00 -9.548683083671418714e-01 -8.482781274154360673e-01 -1.486401923839746786e+00 -2.297242208419136844e-01 -4.434369444618074141e+00
-3.401201266724841688e+00 -4.569021730349996702e+00 3.863357116307994943e+00 7.531454306159979240e-01 3.118059616146435786e+00 -4.542619981791764516e-01 5.908928051169963780e-01 1.063840563489096169e+00 -2.375840236238995762e-01 2.407093785658304341e+00
-1.780809232964358779e-01 -6.728296167480001699e+00 3.828489272298000401e+00 7.531454306159979240e-01 2.606884817294691459e+00 -6.413262783184903171e-02 6.644272310214960342e-01 9.079222031196820808e-02 7.451202406205381656e-02 -5.967976162573265242e-01
3.002689613282588432e+00 -4.988662001186600747e+00 3.160700323818474544e+00 6.100477987989592066e-01 1.566774005233095401e+00 -7.896726965949516508e-01 9.272719279336127940e-01 1.710281885620815956e+00 2.879279053683767575e-01 1.982011094017110509e+00
4.318606430404338781e+00 1.196032005665751896e+01 1.028469334228269361e+00 1.914394633844942462e-01 5.904039486831162975e-01 2.456671559815166717e+00 9.780410017512686238e-02 3.742470892159959206e-01 7.028291381962276096e-02 1.349183066649440832e+01
1.890095640891071405e+00 -6.509691052954445389e+00 1.253038045742641771e+00 2.363450165240656986e-01 -8.156754717578733604e-01 2.026312068580119252e+00 7.522531762417195011e-02 6.076979386461136556e-01 8.236300592554057776e-02 -4.205146375163423933e+00
-6.634802726154543917e-01 -6.419289838463807740e+00 1.866361934211568041e+00 3.602271247127966092e-01 -1.116608676011193513e+00 2.601110133711020289e+00 -2.435542966295494161e-01 -4.130536882160606993e-01 2.592367683947416346e-02 -2.935374093369633286e+00
-3.312868496331033086e+00 -9.384941379265079320e+00 2.844630291436629932e+00 5.490430189190629306e-01 -1.416110200807155550e+00 6.441124210221236268e+00 -2.487016940001545162e+00 -3.374945134478571696e+00 1.430301090914265494e-01 -7.541175519193892285e-01
-4.454066882028778096e+00 1.586774899991076104e+01 1.016311668769219523e+00 1.914394633844942462e-01 -1.685374462552428731e+00 2.402801890836130383e-01 -7.442822574942260516e-01 -9.739852635055914476e-01 -2.037596997030213242e-01 1.705283763085951421e+01
-2.907683061263792723e+00 -5.112119557314997564e+00 3.477021404677195449e+00 6.778308875543981316e-01 3.006568144043260560e+00 -1.928862690351727638e+00 5.465358903036268146e-01 1.245884575507325565e-01 -1.933877267181916548e-01 1.456361818626326965e+00
2.487887124693788365e-01 -6.055466550732001352e+00 3.445640345068198940e+00 6.778308875543981316e-01 2.599254465783836121e+00 1.223742076401023171e+00 6.069712783505849529e-01 1.396776926886623471e+00 1.107278873373258588e-01 -4.173621407468246503e-01
3.060349502460979032e+00 -4.489795801067939962e+00 2.844630291436629932e+00 5.490430189190629306e-01 1.582199910740607507e+00 -7.886482284477770444e-01 8.342270141979213349e-01 2.453947496201404732e+00 2.977241905931273802e-01 1.994744842810643348e+00
3.784480401504861646e+00 4.764288050991765999e+00 9.256224008054445562e-01 1.722955170460451768e-01 5.765076402329665228e-01 2.469141583245140215e+00 8.658395466418955522e-02 3.527717354957022877e-01 5.453998282613858883e-02 6.202548855188691590e+00
1.701086076801963998e+00 -2.858721947659000673e+00 1.127734241168376172e+00 2.127105148716594840e-01 -8.083596271769675212e-01 1.109343832357445603e+00 6.526724289545970947e-02 -4.947046809190167593e-01 7.506469751902733467e-02 -6.793734832096722798e-01
-2.903360877767806603e-01 -1.777360854617426433e+00 1.679725740790409816e+00 3.242044122415173035e-01 -1.005150697375768676e+00 2.403156407697233821e+00 -3.830534516112260590e-01 -1.178535706728343069e+00 5.489875319553960686e-02 1.529306584055117213e+00
-2.470254717402716516e+00 -4.446447241338572276e+00 2.560167262292964097e+00 4.941387170271571705e-01 -1.414531564402469188e+00 2.101618219064678161e+00 6.213013634629138693e-01 5.377909229095472199e-01 -7.014002102399601313e-01 -9.118095333676974334e+00
-6.288385071571530816e+00 -1.480823386002220943e+01 1.909827839876001576e+00 3.602271247127966092e-01 -4.101346922680397356e+00 4.228901863098143643e+00 -1.926142390975832619e+00 -2.815476469727659303e+00 -4.469942384757361609e-01 -3.192011475945381704e+00
-4.008660193825900109e+00 -6.719025900080315417e+00 9.146805018922989916e-01 1.722955170460451768e-01 -1.828268514718175197e+00 -7.168576186167125996e-01 -6.500693192588871128e-01 -1.271266320503844582e+00 -1.843315086619492504e-01 -5.641421756703653756e+00
-2.514649369278370905e+00 -4.600907601583497097e+00 3.129319264209478035e+00 6.100477987989592066e-01 4.018991060224475831e+00 -2.000313643690486032e+00 -4.194645179452720640e-01 -1.167178806423800452e+00 7.263878400898060583e-02 -1.158763478566614680e+01
4.831433174102806039e-01 -5.600370995600000512e+00 4.436639529119993597e+00 8.368282562399986801e-01 2.547323063243262631e+00 3.818027245599560082e-01 5.203423323445983684e-01 9.529116257164549353e-01 2.532940036387998362e-02 3.364771249781659535e+00
6.676303875270813037e+00 -5.322099958200000813e+00 4.383495429119996345e+00 8.368282562399986801e-01 6.677338211353189834e-01 4.729643890260184537e-03 1.717807230736599244e+00 3.165005636537093991e+00 1.338902131904209369e-01 1.329714213797906019e+01
3.354899668424854653e+00 -2.271214075410740918e+01 8.330601607248979690e-01 1.550659653414410144e-01 1.701562659879156669e-01 1.664555384187415221e+00 8.016329160627311268e-02 2.907042251787128606e-01 3.758172888646688081e-02 -2.150789751616058254e+01
1.275314004474159546e+00 -1.572849752893100472e+00 1.014960817051537845e+00 1.914394633844942462e-01 8.051498134185326450e-01 7.165309652998895773e-01 6.050169636096747183e-02 -2.268738943372365924e-01 3.319791152625062303e-02 2.120951087418401215e-01
-1.181690951730487438e+00 -2.599624769155683968e+00 1.511753166711372387e+00 2.917839710173648626e-01 6.219540806530172716e-01 1.808535090858631955e+00 -3.301114342095612386e-01 -1.086019693437774158e+00 -5.423930597080572902e-02 1.440984164307437254e-01
-3.910608112336650066e+00 -5.001802517204715137e+00 2.304150536063666266e+00 4.447248453244405653e-01 -4.099561768981155652e+00 7.583784699383452121e+00 -2.393716150309117996e+00 -3.237812559347714725e+00 1.133971522682082345e-01 3.358522949093913468e+00
-3.607794174443309743e+00 -4.047123310072283431e+00 8.232124517030712241e-01 1.155065965341441014e+00 1.034119239484823538e+00 -1.533574406738527074e+00 -1.565410158572111854e+00 -1.949980186524783221e+00 4.326876311681071563e-02 -1.250244835327637460e+01
-5.392976891935806094e+00 -8.473245715599999173e+00 4.335665739120003082e+00 1.836828256239998680e+00 1.156603306021477096e+00 9.768734744699740791e-01 6.358526537954611868e-01 1.480621230570600133e+00 -1.250991771876335257e-01 -3.202765996529272741e+00
1.048421300823509039e+00 -9.040333896039999928e+00 3.992975576207996369e+00 7.531454306159979240e-01 2.739968096662213526e+00 5.649893733544090191e-01 4.842911924270962842e-01 1.104052108855231751e+00 8.584356871809473155e-02 -1.041495533817295538e+00
6.775663881686551093e+00 -7.789889962380000199e+00 3.945145886207996000e+00 7.531454306159979240e-01 6.143657045459551824e-01 5.477332212357944284e-03 1.544698753229153176e+00 2.891070545622998367e+00 2.021584780905252288e-01 8.569839487413222656e+00
3.019409701582368655e+00 2.559073321303330317e+00 7.497541446524067510e-01 1.395593688072978011e-01 1.663232558480043366e-01 1.661551310090735534e+00 6.978097650136927399e-02 2.467060216694001440e-01 3.517590029015132957e-02 3.562595648163213724e+00
1.147782604026743591e+00 1.584435222396209486e+00 9.134647353463805075e-01 1.722955170460451768e-01 7.305227442559774076e-01 8.522626623824091086e-01 5.115041238277662217e-02 -8.641987841259801684e-02 3.119023661096531619e-02 3.154110414255224093e+00
-1.063521856557438694e+00 1.660337707759884651e+00 1.360577850040236569e+00 2.626055739156285540e-01 5.594739693241077561e-01 2.702604854734059536e+00 -4.823634024941334530e-01 -9.225333750193591698e-01 -4.658237760875438838e-02 4.091638250397897636e+00
-3.519547301102985415e+00 -1.501622265484243490e+00 2.073735482457301771e+00 4.002523607919972193e-01 -4.097770135528551627e+00 7.403481606293470740e+00 -2.185381746594949881e+00 -3.094482495407182121e+00 1.043924374464773042e-01 5.939603817474676362e+00
-3.247014756998979124e+00 -2.764241097906505473e+01 7.408912065327655228e-01 3.955936880729638006e-02 1.034119239484823538e+00 -2.416419135695515141e+00 -1.387643942024997301e+00 -2.768734138886062013e+00 3.693358632984300449e-02 -3.504810684019835776e+01
-5.211608053248875549e+00 -1.625921144039999433e+00 3.902099165207999931e+00 6.531454306159982792e-01 1.156603306021477096e+00 -4.892649878562038701e-01 5.887859152514174355e-01 -1.105030566775866419e-02 -1.428533126095548056e-01 3.150366181277522770e+00
8.924464778116367736e-01 -1.363005064359992247e-01 3.593678018587198153e+00 6.778308875543981316e-01 2.916331754791590569e+00 -2.822625455199654354e-01 4.488349786413072806e-01 2.197471737755645194e-01 7.492830945380091201e-02 7.134461534069503230e+00
6.711689808672153035e+00 -1.090096614199964620e-02 3.550631297587194979e+00 6.778308875543981316e-01 5.650996529600718077e-01 6.248882420833647318e-03 1.387479897822495367e+00 2.628891281086758624e+00 2.454722107569293765e-01 1.476246064754995224e+01
2.717468731424132145e+00 -1.669683401082700414e+01 6.747787301871639443e-01 1.256034319265673105e-01 1.615522257121675409e-01 1.658356501130774596e+00 5.897311235261248896e-02 2.095544020936488394e-01 3.301179759654720991e-02 -1.578770291050113883e+01
1.033004343624069676e+00 -5.574008299843411507e+00 8.221182618117452989e-01 1.550659653414410144e-01 6.627207754274584417e-01 1.238858388395592591e+00 4.121173711955705699e-02 2.994971342600107889e-01 2.939215566895714282e-02 -4.248627612033218703e+00
-6.503735133245664990e-01 -5.505696063016103814e+00 1.224520065036216465e+00 2.363450165240656986e-01 5.032380156468212462e-01 3.718351309365856672e+00 -6.235077345306896390e-01 -6.545459890904523625e-01 -9.098852036423688006e-03 -3.493450924282791803e+00
-3.065327185133643439e+00 -7.351460038935819341e+00 1.866361934211568041e+00 3.602271247127966092e-01 -4.095942337308517978e+00 5.491557742926727492e+00 -1.989250184662415100e+00 -2.720437976321085749e+00 1.059325202423226919e-01 -9.738920847950929272e-01
-2.922313281299080856e+00 -8.781698811585489928e-01 6.668020858794889705e-01 3.560343192656745259e-02 1.034119239484823538e+00 -1.784937224331661021e+00 -1.230695033315187814e+00 -2.055868620994271367e+00 3.417070225007889928e-02 -7.422635032369043984e+00
-4.230253011558295917e+00 2.536670970363999800e+00 3.511889248687197096e+00 5.878308875543982737e-01 1.156603306021477096e+00 -1.297275053827060542e-01 5.435702741204933020e-01 3.182900621568300892e-01 -7.852339156153120836e-02 6.888652173835197345e+00
1.519059531043772449e+00 2.877329544207601231e+00 3.234310216728481180e+00 6.100477987989592066e-01 1.664335387377607667e+00 6.285193131255639720e-01 4.141454814525147299e-01 1.102507895354754908e+00 1.427395939173261574e-01 9.397479543547223813e+00
6.960909300536322952e+00 2.990189130472201029e+00 3.195568167828476192e+00 6.100477987989592066e-01 1.933042197253263872e+00 1.662426744948014134e-03 1.244642132148150893e+00 2.859280067872971287e+00 3.152891341993249164e-01 1.609965393990937343e+01
2.445721858281718397e+00 -2.202715060974430372e+01 6.073008571684468393e-01 1.130430887339102242e-01 1.559251865658364267e-01 1.655447794465735534e+00 4.787634887776981429e-02 1.826989452283900306e-01 3.216233329403017649e-02 -2.125819520047675582e+01
6.229077516845347162e-01 9.833925301409296438e-01 7.399064356305729007e-01 1.395593688072978011e-01 6.010143131732696986e-01 1.188337491483971498e+00 3.085548606229426838e-02 2.546811525324610415e-01 -1.528530318710918934e-03 2.145308239656729121e+00
-1.147795784216844917e+00 2.044873543285506745e+00 1.102068058532594819e+00 2.127105148716594840e-01 4.525225000460375568e-01 3.835400677729554175e+00 -7.403185085438188651e-01 -1.068671999748184831e+00 -6.109863906222812169e-02 3.876380857848253925e+00
-3.116723317126928627e+00 3.836859649577628595e-01 1.679725740790409816e+00 3.242044122415173035e-01 -4.094171639909379934e+00 6.110191274533123718e+00 -1.804501614086508665e+00 -2.530326428854159371e+00 6.236614248948257888e-02 6.183004713565356525e+00
-2.630081953169172593e+00 -1.579035289304269440e+01 6.001218772915422051e-01 3.204308873391070733e-02 1.034119239484823538e+00 -1.781710976448192874e+00 -1.092200961972719320e+00 -2.012135502588032310e+00 3.347325702202874620e-02 -2.150847449956653534e+01
-3.449298859895816083e+00 -8.716996126672400536e+00 3.160700323818474544e+00 5.290477987989579134e-01 1.156603306021477096e+00 -6.098913232731117962e-01 5.003119858970510592e-01 -1.805383840920118388e-01 -3.023701986117166562e-02 -4.693323177992457573e+00
1.929613200164129960e+00 -7.410403410213158182e+00 2.910879195055635194e+00 5.490430189190629306e-01 2.703221394706332603e+00 -8.255243339545523806e-01 4.953990511559336340e-01 -1.504035342337492587e+00 -5.520054808839358618e-01 3.141485681147134557e+00
4.626381128498184836e-01 -1.282443554876987335e+01 5.465707714515986027e-01 1.017387798605184912e-01 1.000000000000000000e+00 8.256277585345808516e-05 1.000000000000000000e+00 4.838323593139647549e+00 1.268442338613689158e+00 2.022726213768290648e+00
