1.432993719349836510e+03 2.375000000000000000e+04 5.319999999999999272e+04 1.139999999999999818e+04 9.499999999999998863e+02 1.586321592330932617e+03 9.499999999999998863e+02 1.603603363037109375e+03 1.432993719349836510e+03 2.375000000000000000e+04
3.332063413769861260e-01 6.237511938651143506e-01 4.198313983996567189e-01 4.197828114810489564e-01 9.974999999999998863e+02 1.697131414166986652e+00 9.974999999999998863e+02 1.701947667591850788e+00 7.403911193308050365e-01 2.058499220792571749e-01
9.133752102823791130e-01 8.441019140632161077e-01 4.370552986067686718e-01 4.369933527756275637e-01 5.207954600898593611e+01 3.651742796107393829e+00 9.998749999999998863e+02 3.658095506083822723e+00 3.509863717021038387e-01 3.123658511040226515e-01
1.404290790505165365e+00 9.793082425207132458e-01 5.002120441051733923e-01 5.001301812122470603e-01 1.499386599427209976e+00 2.645383044513895499e+00 1.267890378548895969e+00 1.248726728248519935e+00 1.043662584996517539e+00 3.477131648023631394e-01
1.593875058847437742e+00 8.550489448523521663e-01 5.590021952886937706e-01 5.588999152729224873e-01 3.360433966048814169e-01 8.454104828127829707e-01 5.991931606172933300e-01 5.016482159668720353e-01 1.222997623743760975e+00 4.498565467760039238e-02
1.249568272068557917e+00 8.401220281581265326e-01 6.123396729682234474e-01 6.122169429945106822e-01 4.785196375801800683e-01 3.905014396838759061e-01 7.667870917200546588e-01 3.400872889987137659e-01 6.436648106568756411e-01 2.325182485384536535e-01
6.445652347412083039e-01 9.127366647141714751e-01 6.613988063267570716e-01 6.612556250705011740e-01 5.229089049667219324e-01 1.116826741712403370e+00 8.341379595184249540e-01 9.538186941028778953e-01 2.666916836960554482e-01 2.575580633270677100e-01
1.546179643443053135e-02 7.508549697554927072e-01 7.070621432192032429e-01 7.068985112869231591e-01 5.593970366467232447e-01 5.452158156008672651e-02 8.919984120636290648e-01 1.874619529736214041e+00 1.038922891367491053e+00 6.419557918490162995e-01
1.985772062559711115e-01 1.391924384854654972e+00 7.499497802585060047e-01 7.497656983291348665e-01 5.936204705187582142e-01 2.841454322855005987e-01 1.106609975177420102e+00 4.600562873397863739e-01 1.151874122750530471e+00 3.774095805191853281e-01
2.830366938091609663e-01 1.695012605732950206e+00 7.132143418935962265e-01 7.130303778575334261e-01 6.259944027204011885e-01 1.217954591548530363e+00 8.229245731769575523e-01 7.738654906929688382e-01 7.423269279094265594e-01 8.232071670820421128e-01
1.305537554503984010e+00 1.896855634284289271e+00 8.228457804344690985e-01 8.226231212675199078e-01 6.567914839808690619e-01 6.469305041130063438e-01 1.226236943390786038e+00 8.422224898590072728e-01 5.839645005994932303e-01 9.549655516445244574e-01
1.819871275265081412e+00 1.805934540557583512e+00 7.795110387611475788e-01 7.792912320868086162e-01 1.945183011483853974e+00 2.921678409454923742e+00 1.733249563086400213e+00 1.603881833713163063e+00 1.140239160964438891e+00 8.937840104173304656e-01
1.910791376680249121e+00 1.362500107449616360e+00 8.057531589678206263e-01 8.055171259269261475e-01 3.969904717538402239e-01 1.803886890512416685e-01 2.656216273830550589e-01 2.764090531308314724e-01 1.273460188538611648e+00 1.493166879544404468e-01
1.606608823686666465e+00 1.157211458400307036e+00 9.246231297211475741e-01 9.243419250470501503e-01 5.353467078631073406e-01 4.689436252702011143e-01 1.121245026972318870e+00 7.431084277849292485e-01 6.446836039321435230e-01 3.505645961480357009e-01
7.798860796652279381e-01 8.332728963016658996e-01 8.689143996998118791e-01 8.686412869390052194e-01 5.589489266031903991e-01 6.685452797065922770e-01 8.103797952976843355e-01 5.371743203498149377e-01 1.306797167787001612e-01 7.237458664977807210e-01
1.558486523946080449e-01 1.103771155326999542e+00 8.917446023503714514e-01 8.914555100954876243e-01 7.210949083241651181e-01 3.356452455118740658e-02 8.122246304136775397e-01 1.818447872409841182e+00 8.183761571786297706e-01 3.760970457141903367e-01
1.965315734230831668e-01 1.702413771229871475e+00 9.178897404657876402e-01 9.175833740054797349e-01 5.547374516965978275e-01 1.803862566809827095e-01 9.696040061723829595e-01 3.428035310861772822e-01 1.095616562037237562e+00 5.566813012155679141e-01
4.114642587472829294e-01 1.951970491009385578e+00 8.522722898165671079e-01 8.519804328989648567e-01 5.355252441792515139e-01 3.220448153929088564e-01 6.820001348286769405e-01 9.988495630633659195e-02 5.890900792761766258e-01 8.003850493551125656e-01
1.142798010422363175e+00 2.202130291308451948e+00 9.621619673879674428e-01 9.618237294086227074e-01 5.786269949630633569e-01 1.264192081503639598e+00 8.459392766409535858e-01 9.229479815733950820e-01 7.235914276089674968e-02 9.742965219558910039e-01
1.962882703018639541e+00 2.426479069758274765e+00 1.096954507079058727e+00 1.096558644806751026e+00 2.063957342845978093e+00 3.036390329679751421e+00 1.675376264381573277e+00 1.477311908984135114e+00 1.183094612380801269e+00 1.095140154173773084e+00
1.925956488840843805e+00 1.427226604849260783e+00 9.234904292726046071e-01 9.231497488493868309e-01 4.656558687726503054e-01 9.321430570356050715e-01 2.932817749059482004e-01 4.002492636548439786e-01 1.219321083392745919e+00 6.176400841602630587e-02
1.517744233984218205e+00 9.650929851281813132e-01 1.033126353627561000e+00 1.032736495315231817e+00 5.021569259709356414e-01 1.041792646519790644e+00 1.097785697802034166e+00 1.198856305913885700e+00 5.292019745799196873e-01 7.340519575486724735e-01
8.671917125152035499e-01 9.500267790101651899e-01 9.581212233846828630e-01 9.577522936595435077e-01 6.683320846525280245e-01 1.116881653871929947e+00 2.223858589177371836e-01 3.044467059309970414e-01 1.874696860677078913e-01 8.549752724225542222e-01
3.895127346337465823e-01 1.290891009706744752e+00 1.191423355728290501e+00 1.190954471116950852e+00 7.626364821004562033e-01 5.598378627017141368e-02 1.305536689951192653e+00 2.021259990395945394e+00 7.629816437116391237e-01 2.272644431006695387e-01
1.909998077663446758e-01 5.706992166865350047e-01 1.003431167327375695e+00 1.003028865903479616e+00 3.099195318558203849e-01 7.581806528211230134e-01 4.656531747445816216e-01 3.607162691984746594e-01 1.343744644056210413e+00 1.504533884306352043e+00
7.372529835621174366e-01 2.007371466245768232e+00 1.238728967538268222e+00 1.238222238519335994e+00 5.869499997667547708e-01 7.170658827204108299e-01 1.002633522922697029e+00 7.139929449498579883e-01 1.619292834991901964e-01 4.551829653772729856e-01
1.393094390684385120e+00 1.771011883802003473e+00 1.260825327397017137e+00 1.151328550446711674e+00 2.081153369022775035e+00 2.792901794485326050e+00 1.765458369970262398e+00 1.523562701511595563e+00 4.991919883689889259e-01 7.817750240127618877e-02
1.857970093127260691e+00 1.475682541765220845e+00 1.071393243963990827e+00 9.532799153401808612e-01 4.673303463268473901e-01 4.480376676841990036e-01 2.804057515245705345e-01 2.630302263731770784e-02 1.108879910021612236e+00 1.398968601637576581e-01
1.496520882543457720e+00 1.245515947842180005e+00 1.180706215271035253e+00 1.058841762400104747e+00 5.011129895576936777e-01 8.576519926070729216e-01 1.005004387472214988e+00 9.851855099238796543e-01 5.073592434311290367e-01 3.762376390623386468e-01
7.204404206794038368e-01 1.246930332550145293e+00 9.856762917364761956e-01 9.760579101546517089e-01 7.484908274540663653e-01 9.212445925708077077e-01 5.460703843300396265e-01 5.218945594569621704e-01 8.641404757402416925e-02 6.192973775775651585e-02
1.970435931389291073e-01 1.371998173387289466e+00 1.094307830415421456e+00 1.090076600641138427e+00 7.463015082794995925e-01 4.625452163945430878e-02 8.753820084719714512e-01 2.025063493799703629e+00 8.116882311280113615e-01 3.368575572101751847e-01
1.827714223658046255e-01 1.867975503174982510e+00 1.007834284567070027e+00 1.004377492684377371e+00 4.742652446368829655e-01 6.596109218392822715e-01 7.692584274293753355e-01 6.015066284390443441e-01 1.037221266633985728e+00 7.457606801334950575e-01
3.222743846505928267e-01 2.556755685101040232e+00 1.015842648338941556e+00 1.012538720825479910e+00 3.341998953533600325e-01 1.173585219083182363e+00 5.610108663582011879e-01 6.583492277562796868e-01 8.632268593415935998e-01 1.103773967457627458e+00
1.632051339388224998e+00 2.647441413877400951e+00 1.260476780164686339e+00 1.256451190929080308e+00 2.102620551490722356e+00 1.555168343857118884e+00 1.180331953145261403e+00 7.617491395892921346e-01 9.237521911337921443e-01 1.403065409309043776e+00
2.193520375405818346e+00 2.458172695251752415e+00 1.166692708688114255e+00 1.163084349544393659e+00 2.091075510573889851e+00 2.966292776122994912e+00 2.024815631900625412e+00 1.708699457990889847e+00 1.469881011082762923e+00 9.727354957691302095e-01
1.789865458080925453e+00 1.488374473526466790e+00 9.492116249969362318e-01 9.588763648897981051e-01 6.290721109525743149e-01 2.039717857241139451e-02 5.449963559934036805e-01 5.228528584285269121e-01 1.041254937670928138e+00 2.005379879976773583e-01
4.220819396108914101e-01 2.001035060913306740e+00 1.303271643696065851e+00 1.300397873085940903e+00 6.649388398808905309e-01 1.316366599347531478e-03 1.281430362892530095e+00 2.404917044278275462e+00 6.900481455907966355e-01 8.754619594682431227e-01
1.554664817789938591e-01 2.654254034185165034e-01 9.900659870563647269e-01 9.875933599288627684e-01 1.917328678425538613e-01 1.381947241666492632e+00 3.530783825486632499e-01 5.333999273889548087e-01 9.772190393388491270e-01 2.340310563355976203e+00
1.335184306682297928e+00 2.300918620997287167e+00 1.192392484321152413e+00 1.202286021601360444e+00 1.985919517971935111e+00 1.460362061817998880e+00 8.445138171918024073e-01 6.888464715562256924e-01 6.436101573431088907e-01 9.079948928334331537e-01
1.999843405565874255e+00 6.568225577433942641e-01 1.111205417771117476e+00 1.109339416188893646e+00 1.966413694946028468e+00 2.932640040204134824e+00 1.895242257297670596e+00 1.647884699142049270e+00 1.350525676853060686e+00 2.458225587735951567e+00
1.643898785748021618e+00 1.090519247525502333e+00 1.033980989065278688e+00 9.122864401571538773e-01 5.186619099429152779e-01 9.499524600210854652e-01 1.268041955668546272e-01 6.835438482649281999e-01 7.662809512284860514e-01 5.439244316946297841e-01
1.031420825765789889e-01 1.195871606387230779e+00 1.257380878968792803e+00 1.114641398920253268e+00 7.058804042436884751e-01 4.731223348116687932e-02 8.180226982402101221e-01 1.659423575832742026e+00 7.546504044379143128e-01 4.235816552570580984e-01
1.558357344759563612e-01 1.369298607121124611e+00 1.074130033567112896e+00 9.286607654660380406e-01 4.295760337902870818e-01 1.589398715192217038e-01 5.574774575973959756e-01 9.133077409868985141e-02 9.721877067811059980e-01 4.999421025309631061e-01
2.102200184968490704e-01 1.447465798096369660e+00 1.173958811228682730e+00 1.025220458669352075e+00 2.094915256976146889e+00 3.358970621365169773e+00 2.092670595572116543e+00 1.695593792642072106e+00 8.684759642202373175e-01 2.509988692073830685e-01
1.407160470585102408e+00 9.298408560610859075e-01 9.744230887713956069e-01 8.492730848530529730e-01 1.987573714058766261e-01 6.339833164649421038e-01 1.826331313317175464e-02 7.226994775337053367e-02 1.020836104323490368e+00 5.417844583969961408e-02
1.425612712739536159e+00 1.137353365997412880e+00 1.287616759163544122e+00 1.148045256695406691e+00 6.074331708401780050e-01 2.495328141891678397e-02 8.447625627481885058e-01 2.518550994227166662e-01 4.683103946106218496e-01 3.092312094983391546e-01
8.188111002475575440e-01 1.153995080512897342e+00 1.216684643628482609e+00 1.061320291621305589e+00 7.824458375615427341e-01 1.113403289909240312e+00 1.457993182162871104e-01 1.840685331738975417e-01 2.213393644646834135e-01 6.298083222669217385e-01
3.024770809205624689e-01 1.330331057186945554e+00 1.465863061133306333e+00 1.305263835631477853e+00 6.069823569517061035e-01 4.013966328477802104e-01 1.187549432379689129e+00 1.510828817092989107e+00 7.956279686087791569e-01 9.355191019623695925e-02
1.497428505039945790e-01 1.769382152211353310e+00 1.036279446861997799e+00 8.919465710863857533e-01 4.378138863969908146e-01 1.335542726471001806e+00 4.550128673083448927e-01 6.113833361251629350e-01 8.837556399685378983e-01 3.077120245745069038e+00
2.001602208672825511e-01 1.414698403640791469e+00 1.116324796236861427e+00 9.697500127259193192e-01 8.748193753201066736e-02 1.047064237106514334e-01 4.268144389739881306e-01 1.256703397601040490e-03 8.830763393407546902e-01 4.990311027696416324e-01
8.895864509270388076e-01 2.137847478009732072e+00 1.497228899101845201e+00 1.330073049150346076e+00 3.238060099121176649e-01 6.928462408674070927e-01 9.533132998813714787e-01 2.747525415393442527e-01 7.053374888698490074e-04 8.871521730906971603e-01
1.477829951530657437e+00 2.007865598564970266e+00 1.386103215026978086e+00 1.230494821301454378e+00 6.420909457629601080e-01 7.588709871336589419e-02 7.189985083028990198e-01 1.207383270875369563e-01 8.502240981674284992e-01 8.075760080285324660e-01
1.840717863105361340e+00 2.060131314591332252e+00 1.286086700241372505e+00 1.117438863556748707e+00 1.850345099189352416e+00 2.941609980453676165e+00 1.783416023035787390e+00 1.578349415079929541e+00 1.265106227115827986e+00 8.287810713108180183e-01
1.416906831059050242e+00 1.013138382155147843e+00 9.572214653456464495e-01 8.290956383254749484e-01 2.810255683799742776e-01 3.059172235346744317e-01 2.403293851566366476e-02 1.150220434639881995e-01 9.993390735487835963e-01 2.777858636710435758e-01
1.286290888636615559e+00 1.066704746256984526e+00 1.253138072782013834e+00 1.110377796286758256e+00 5.688909666999346637e-01 6.800823937619232540e-01 8.071655237649563164e-01 8.073815109068132045e-01 3.642163842713819766e-01 1.470456487497127096e-01
6.854831355637500678e-01 6.064475451024748942e-01 1.181093423541342391e+00 1.024133282205305973e+00 7.746002598880985524e-01 4.992652898003574480e-01 3.277880177499684078e-01 3.384242116380449805e-01 1.133194052205620250e-01 4.365309805151062483e-01
2.625193011605669313e-01 1.043075948236145134e+00 1.296863672810331991e+00 1.135609180134503848e+00 7.689312548603592923e-01 2.542840887599881125e-02 9.618715382331265440e-01 1.739972377706369810e+00 6.420413321973237331e-01 5.871074743344192326e-01
1.266509240502993183e-01 8.962424118653473659e-01 9.951800101226354611e-01 8.508571751891180757e-01 5.302837865402855178e-01 9.398109936019125588e-01 5.493227618032803239e-01 3.002310673276982755e-01 7.936220690384034882e-01 1.950350095618881063e+00
2.802942439740522818e-01 9.579741628646402107e-01 1.076181507309037721e+00 9.297318643289214091e-01 1.430156980185389413e-02 1.506167665022948854e-01 3.181496494993232282e-01 3.952564124919364513e-02 7.337340315983204020e-01 2.221797190593997884e-02
1.106618637934629445e+00 1.385132191040627792e+00 1.441277670066928973e+00 1.273325879464940247e+00 3.769542257589337808e-01 8.656837269485809783e-01 7.145056977655188657e-01 4.276002810704050972e-01 4.307958636725398582e-01 1.285992344504181539e-01
1.450310540564189399e+00 1.204466051602003596e+00 1.230285871086683525e+00 1.063879291600343446e+00 1.873358309939026078e+00 3.468059475863966679e+00 1.862413357555418481e+00 1.644060641923130950e+00 9.302714230481403668e-01 7.015171878722104015e-02
1.315992770608592766e+00 8.836001188506522608e-01 9.100930071341895022e-01 7.847158982583863907e-01 2.866741270328060365e-01 5.388855961242141612e-01 3.812390300770711338e-02 8.848320743944171340e-02 9.131706297442478970e-01 2.067247960220686132e-01
1.243893725326324695e+00 6.828677774487383889e-01 1.189123312249470876e+00 1.049038996948193248e+00 5.786851281129219426e-01 7.281801578075312031e-01 7.600290793653581289e-01 8.510667045850148771e-01 3.697308420535356799e-01 4.991695534120232924e-01
6.494237607675363844e-01 3.466489740418621235e-01 1.118969994999786444e+00 9.662132659457050021e-01 9.301868698628795729e-01 4.893188217820671794e-03 3.215801012134244519e-01 5.116011526551940414e-02 9.772783065009639503e-02 6.438174283473453441e-01
2.127790437103305732e-01 6.464064138830614148e-01 1.226781197388122191e+00 1.069886155636200487e+00 7.212261169704450303e-01 4.090519938776582438e-04 8.919603381465782688e-01 1.290459022954180357e+00 6.461637596391169858e-01 9.576259914094920056e-01
1.202057142878227847e-01 3.528898616348878914e-01 9.400950465969167835e-01 8.007382135828727820e-01 5.991890162873381859e-02 7.812231563218429153e-01 5.106172153465327046e-01 5.218948305836443868e-01 7.367128243517113706e-01 3.938188390318390630e-01
4.233076100434879363e-01 1.048539059747087832e+00 1.015173559192107833e+00 8.739284605626113089e-01 4.268918772573589426e-01 6.450212292461919850e-01 2.972024995472075104e-01 2.559432223484696123e-01 5.117596157172819016e-01 2.023667527837089697e-01
1.094366277802689247e+00 1.861029821867198342e+00 1.357801469495205859e+00 1.195369252407212146e+00 3.643017876807727595e-01 1.474590884889363185e+00 6.834250552877338958e-01 5.761694133165380372e-01 4.821933067831667974e-01 5.645090527361138477e-01
1.388222904669123681e+00 1.527812448576592708e+00 1.157447339917949902e+00 9.975425552548179420e-01 1.901324836766775661e+00 2.602494796399804411e+00 1.919936992433796119e+00 1.718055905390838856e+00 9.112542364701913256e-01 4.189189079150547057e-01
1.232230331003364210e+00 8.417752808248776253e-01 8.552487729242173042e-01 7.351506126832743071e-01 2.907124510648935178e-01 3.635651324489154734e-01 4.979853682962472050e-02 5.134791457134387296e-03 8.524703965339861522e-01 2.049445164184081625e-01
1.099737435302410749e+00 1.307757933388106197e+00 1.116020930614383122e+00 9.816481610074945241e-01 6.338589449230929151e-01 3.700266563233236550e-01 7.139838904573589939e-01 1.835611090993344297e-01 2.768234560380689602e-01 3.418818703048864815e-01
3.788102248165672314e-01 1.323454619758592132e+00 1.048885854260848349e+00 9.031957308562034159e-01 7.387729720816220702e-01 3.292135795799387005e-02 3.138182057840608885e-01 2.220347903654452393e-01 3.219027397854763439e-01 6.134351059527860528e-01
3.068340846934255323e-02 1.338774441499383849e+00 1.148536954194700588e+00 9.990125807995914320e-01 9.480204252924971930e-01 2.151008095141215045e-03 8.255028919381613983e-01 9.319248610467670835e-01 8.321346591437834839e-01 4.629464142288096037e-03
1.230585198330917951e-01 1.544236023650037648e+00 8.792344920767533045e-01 7.471016752377092063e-01 4.367711479370117722e-01 9.142225689349927631e-01 4.738727182827014994e-01 2.013516120148609312e-01 6.904759268785614079e-01 1.114249760935801303e+00
1.690704177328097302e-01 5.601587803915734076e-01 9.484249003487884577e-01 8.146620061903105947e-01 1.218951906119584115e-02 1.514886768271750672e-01 2.773003714736189118e-01 1.977548205700381534e-01 6.863819523795272604e-01 3.147232151142839718e-01
7.486458160051862043e-01 1.342165280881354006e+00 1.267124844320067334e+00 1.113141807411806905e+00 1.982593354135770425e-01 3.880154866608332420e-01 5.894553477885444703e-01 1.911442230353402882e-01 4.456359164009214280e-01 2.231704949033514740e-01
1.846159924276310260e+00 1.916652322038509215e+00 1.747417398429325974e+00 1.536529002962264245e+00 1.771465583542759736e+00 2.139637054968067886e+00 9.203190105618297423e-01 8.529981918341072999e-01 1.488874672599419746e+00 4.380751199709170818e-01
1.671538143201990678e+00 1.256880347003572984e+00 1.109616457918193522e+00 9.550103287927625972e-01 2.022071157998755808e+00 2.376231990065915234e+00 1.985753147707490340e+00 1.699827499688385535e+00 1.232027491962037313e+00 1.635436422195614414e-01
1.157876340446485797e+00 7.874076310906515941e-01 8.028440239701444270e-01 6.889728594522681604e-01 2.823591630397467300e-01 3.162353289462757622e-01 6.271581682213164810e-02 3.303084502296353975e-01 7.951423261991876767e-01 1.976761164282172523e-01
1.127177340100994130e+00 1.236529754043071083e+00 1.044970363646176459e+00 9.177332010452460276e-01 5.819326367843046244e-01 4.334370601962845848e-01 6.766761679559907261e-01 6.061328204748012149e-01 3.536686808328914355e-01 3.386535732712572244e-01
6.851526352415090448e-01 1.149029734709605677e+00 9.810175112129041475e-01 8.435900843363015600e-01 1.061772594930888269e+00 1.287039119496505013e-01 3.114153869250687601e-01 1.237607620697805805e-01 2.732114956585971963e-02 4.678248634022352803e-01
3.005136571034580095e-01 8.495082039424382003e-01 1.073058592222539298e+00 9.321943536556527299e-01 7.194832434146316569e-01 7.442275478925944841e-03 7.715298473258627165e-01 1.377054703602625940e+00 4.394243587803571827e-01 4.877940108799668772e-01
9.791407501317614392e-02 1.023024399364112158e+00 8.207547555782290782e-01 6.966699198654914271e-01 3.841757264006967487e-01 1.087280278462016581e+00 4.475657717042000883e-01 3.606340274903476195e-01 6.085660408504717234e-01 5.375837045465620134e-01
1.224644763047160745e-01 5.048651279984416318e-01 8.845280713910881332e-01 7.590928789520947628e-01 9.348972449417262617e-03 7.014269933784839095e-02 2.670496645428658833e-01 1.835785056191254708e-03 6.448738081185011461e-01 3.120175049508038811e-01
5.798863692107176782e-01 1.361918678938348615e+00 1.180556599720982591e+00 1.036242158732357588e+00 2.842528600129938798e-01 8.888488848237667828e-01 6.260477904215971945e-01 7.183596322022746394e-02 4.861108274601693147e-01 3.032418383239666171e-01
1.441875707341780721e+00 1.406253563629324743e+00 1.471688692769424156e+00 1.291341095026131480e+00 5.956224019872108366e-01 8.041689256058245361e-01 7.981039138764799423e-01 5.855675966873221672e-01 1.155233000840740765e+00 2.184475444625659513e-01
1.368934039494647203e+00 9.516562714828901148e-01 1.024351134367759375e+00 8.806025099888835639e-01 1.930919986946272759e+00 2.898468467460378228e+00 2.047993863582652452e+00 1.732874716489581468e+00 9.678090661977002407e-01 1.015404284558412973e-01
1.067666881721373917e+00 7.266922495917420566e-01 7.459348214607638416e-01 6.396272071236180912e-01 8.103109034676841960e-03 3.912456316049553462e-01 2.001928455863853706e+00 1.809881235630257823e+00 9.262693661017045166e-01 5.494743571052386200e-01
2.165639384485810837e+00 1.450392106803641390e+00 1.971705383333410166e+00 1.749025596109605285e+00 1.044167103122098039e+00 8.844675063611935339e-01 3.058030599089718859e-01 4.289626875502876024e-01 1.038040557294203303e+00 4.405642247755583996e-01
1.595785302204896006e+00 1.336699355808565803e+00 2.236278548654551113e+00 2.003569143872496738e+00 5.955969453688428894e-01 4.330204042350205840e-01 1.539219727272610028e+00 1.176234662637960726e+00 1.469983820470278646e-01 1.315321580163050674e+00
5.654547827718022779e-01 1.281286267901978304e+00 1.709408182603676218e+00 1.505115093287390460e+00 1.114620326029969188e+00 2.191360275086073200e-02 1.762859127529881276e+00 7.332628660676081545e-01 6.934809193373594471e-01 1.839133792582450105e-02
8.379314097936142389e-03 9.830713338717677052e-01 7.991320431698608617e-01 6.805900198524733602e-01 5.406687731683833542e-01 1.097976792127498651e-03 8.662502039374270213e-01 2.214829956847885750e+00 1.590882150985144072e+00 3.769592456514646583e-01
1.017387576649070730e-01 1.308339830881416477e+00 6.824297139226884745e-01 5.791050638026242758e-01 3.026053248207988267e-01 1.110369939810703421e+00 3.333171414876293093e-01 1.686260478624541648e-01 4.519730111376373816e-01 1.054851940238293651e+00
7.616348227053733322e-02 7.079045832757647760e-01 8.183932627537576776e-01 7.032322849980742197e-01 1.933099487767784563e-01 1.226432873601724788e-01 3.657878984390977584e-01 5.465612727280835248e-01 1.689008744799218587e+00 4.873188220251102876e-01
1.211915307225744254e+00 2.474854144804191858e+00 2.008119662896640900e+00 1.783939119804190510e+00 4.463492430373500186e-01 1.384649012548056612e+00 1.123024614085396333e+00 1.138423802267560125e+00 6.688304455317340969e-01 7.963580876746823023e-01
1.345292652730444738e+00 1.699257427007601073e+00 1.412268075576302184e+00 1.242393005416055241e+00 5.513308812418508120e-01 6.217147581552171509e-01 7.198463436002403570e-01 1.338656688246728510e-01 1.117029147345023121e+00 6.106507478389058274e-01
1.250529921617580698e+00 9.091255985170737519e-01 9.524772763677130660e-01 8.205075763983687986e-01 1.956310153934949003e+00 2.621764610882607371e+00 1.970289737439383959e+00 1.700302973819669550e+00 8.628101378652699438e-01 7.644616010810824369e-02
9.830203373645184373e-01 6.798712237335881037e-01 6.914965786446457541e-01 5.941892715245542522e-01 8.123424350767323790e-03 3.357799233883335122e-01 1.714992376892425341e+00 1.551399206725938340e+00 8.162678762342980843e-01 5.038158779565582446e-01
1.957202179625689542e+00 1.462940393682379492e+00 1.827609799646335409e+00 1.624169226024741119e+00 1.056567249001058473e+00 1.618736628159630486e-01 3.144379291088008066e-01 9.953333632764682637e-02 8.723256923754036940e-01 2.811706306635710639e-01
1.391948308149751679e+00 1.689350230349364157e+00 2.074021942095489290e+00 1.860946250981090788e+00 1.105739180048276316e+00 9.979745476613475219e-01 1.384550908054770213e+00 1.185614218586180435e+00 2.274277910321428064e-01 6.821001221377144264e-01
5.658325220522088195e+00 4.464133555695874445e-01 1.584407635281665172e+00 1.397026755537863485e+00 8.519513533752918200e-01 4.048774136305426374e-01 1.697702089614150811e+00 2.191442263571680815e+00 7.218049321588723144e-01 7.347577848290031133e-01
7.427598819716542344e+00 2.131770346694851492e-02 6.736218065668800881e-01 5.748791139311115739e-01 3.024982945901222853e-01 6.088697795389627077e-01 2.321159850005095060e-01 2.617102512505684042e-01 3.691851915764259862e-01 6.007286310652575345e-01
3.750605823844700648e+00 1.240030841027247810e+00 7.587024531136802308e-01 6.530480411531204288e-01 1.691955498829507132e-01 1.680489017993438972e-01 1.146949483209464271e-01 2.482211792467681200e-01 5.947144407305875458e-01 7.000290525613157566e-01
1.823434296283804323e-01 1.670801280020876689e+00 1.121834005260492040e+00 9.876720864289213475e-01 9.231680472695195927e-02 1.149057961156007668e+00 3.815013526631105267e-01 6.313469830533949834e-01 6.499836589195306935e-01 7.673448620612360882e-01
3.725501449188505454e+00 1.930106526659884469e+00 1.716114321294309075e+00 1.512084745765512439e+00 1.627921149967967773e+00 1.567974471367222566e+00 7.645617422557527965e-01 1.059115614647967302e-01 1.582777833640057752e+00 4.227127762051823279e-01
5.896460837479883033e+00 1.627543877348622159e+00 8.997142844309122811e-01 7.765138000925543293e-01 2.050705805956730465e+00 2.616888925927995935e+00 1.887088579151242396e+00 1.593573995924866926e+00 1.006447667041302729e+00 8.569167812943393470e-01
5.172648927012266640e+00 6.648918779577936977e-01 6.388781473993384585e-01 5.497990386756480552e-01 1.584213378575352327e-01 6.784224015845484734e-01 1.491473943728032880e+00 1.465288192138724410e+00 7.557586782560958838e-01 5.049422470379176797e-01
2.940456997520183968e+00 1.346867653174297130e+00 1.685582220286225175e+00 1.499937016550080493e+00 1.189626482905625116e+00 6.666032225280803247e-02 3.168963930503969628e-01 2.246620864861469113e-01 7.608876351713527164e-01 2.624262994600962684e-01
3.213139268820133232e-01 1.106038843652380033e+00 1.913155444578614084e+00 1.718544508052529229e+00 1.165219283566678588e+00 4.504802497387761506e-01 1.256841428482460499e+00 7.232516491975016226e-01 2.542121146787246211e-01 1.163990511457083210e+00
2.005576139321374463e+00 7.237334239015460469e-01 1.460636556420686683e+00 1.289335103201519672e+00 7.937537241214035477e-01 4.289733076338769768e-01 1.523171748561793493e+00 1.672150847490696313e+00 7.053448611695219972e-01 2.890024556991148130e-01
3.836483837504494065e+00 2.300943838330762325e+00 6.207180757349369804e-01 5.303687593381100074e-01 3.444608260973896496e-01 1.438866814228067392e+00 2.173521178674882315e-01 4.449211302374882493e-01 3.527190525622831418e-01 3.319650018397283464e+00
2.029495584595150781e+00 1.204932017946240552e-01 6.987074624967841707e-01 6.021871013064519218e-01 2.286968050135742836e-01 1.617278343265297624e-01 1.128299804667696193e-01 1.208170993844977920e-02 5.389726332082083182e-01 5.722466780746986448e-01
3.944215336025246738e-02 5.528647864380764609e-01 1.032365181685837019e+00 9.101461330903869440e-01 2.482634930746221991e-01 1.158971298157976504e+00 3.470864349942829330e-01 5.867630368084801873e-01 5.167887864163431821e-01 4.278751659467999735e-01
2.194716362637689322e+00 1.406167692105753764e+00 1.578690475961431972e+00 1.392795511111174056e+00 1.460361551688515780e+00 1.653236340355494161e+00 6.415117408357297046e-01 1.192816700746312727e-02 1.538177980926840105e+00 3.557480512161606545e-02
3.799840366303395722e+00 4.363163201766946386e-01 8.271618966263751815e-01 7.148809857973351667e-01 2.029985387509940065e+00 2.193457498976654652e+00 1.833337750434178348e+00 1.509254674377948913e+00 9.327925442635623954e-01 4.619073276175068021e-01
3.591111206752132912e+00 5.217954782917669787e-01 5.871242779465024597e-01 5.059909774459069309e-01 3.008104101298141320e-01 6.293595212035388853e-01 1.309188370063544937e+00 1.184432248792464559e+00 6.935266814048414163e-01 3.458211666245485927e-01
2.089069822085166894e+00 8.336493915196785398e-01 1.548518874963588310e+00 1.379880512844436469e+00 1.292366937254102455e+00 6.344951980708926076e-01 3.181069035648458332e-01 3.809729380802231447e-01 6.964622400415123593e-01 6.693382108374372752e-01
1.460078181106469197e-01 1.036489210583708465e+00 1.757431031673504229e+00 1.580689992613344863e+00 1.202607669961251124e+00 7.628563888424757522e-01 1.150845418436881040e+00 9.579220514493219651e-01 2.717112078794205465e-01 9.514962449762648378e-01
1.634892684285536912e+00 8.372926191418212927e-01 1.340949934074692429e+00 1.185233348204877801e+00 7.606823532849552594e-01 4.148026222842179922e-01 1.377650192477339219e+00 1.869673010622515452e+00 7.341248615224190699e-01 4.449956655196609517e-02
2.866205493497882006e+00 1.013122070930154495e+00 5.696930732224463334e-01 4.874340477296674745e-01 3.659009861585086898e-01 8.380901272248582057e-01 2.045516980574148269e-01 8.157785154485017176e-02 3.190071449331065567e-01 1.736729964260914416e+00
1.463509601978704389e+00 5.787436976453774751e-01 6.410020869745535199e-01 5.532417535392231134e-01 2.669206740312502490e-01 4.161683952400364039e-01 1.106075700346340202e-01 1.565805715052388802e-01 4.474053018767678580e-01 5.309213469126623092e-02
9.696800670564183211e-02 9.414440077017435238e-01 9.465227589608324887e-01 8.357117900292614365e-01 3.688554756981762828e-01 1.014560007329379676e+00 3.178448502415124333e-01 3.548017728467487975e-01 4.143451765078700610e-01 1.496051837463448497e-01
1.756781429286761176e+00 1.500520318709523959e+00 1.446793859564268425e+00 1.278305917973237005e+00 1.311175204935535632e+00 2.443525178952576038e+00 5.335123409540406536e-01 4.777888637546536810e-01 1.473230997942796217e+00 3.032513625525342094e-01
2.969903617061095513e+00 1.039845680323086885e+00 7.577059948238247244e-01 6.558594328823442732e-01 2.011407160439801611e+00 2.600503508330498814e+00 1.790184142945788759e+00 1.492218153678920967e+00 8.647744836649026157e-01 3.701489802926446471e-01
2.864934536633096052e+00 5.042976107523619023e-01 5.376873413291968218e-01 4.641154495455724338e-01 4.272166190142480113e-01 1.007887571877490007e+00 1.155653879121732563e+00 1.206908039774672092e+00 6.373883517423407641e-01 3.346892253876981305e-01
1.651949226748147703e+00 1.074493245007900111e+00 1.417547259917753655e+00 1.265145560777267253e+00 1.369302873545645394e+00 2.656932480054674528e-01 3.177934770306144463e-01 1.403299903838897411e-01 6.203910516187497448e-01 2.311615638007182005e-01
2.126077937460875422e-01 9.537231690164774678e-01 1.608389278432811098e+00 1.448835374414033206e+00 1.224074499259843796e+00 1.096595109811474789e+00 1.059537839181623253e+00 1.219344491187879909e+00 2.033381679463137359e-01 8.653309029649246531e-01
1.101758562435922517e+00 1.079427345375358893e+00 1.226551547356695471e+00 1.085807110865771419e+00 7.446461116617177911e-01 3.914925796950390335e-01 1.252513253256790859e+00 1.821734501198869483e+00 5.548646506557796121e-01 3.463097262904565321e-01
2.345763681835746794e+00 1.910214729238573605e+00 5.210097067379212410e-01 4.464869954514005812e-01 3.732170967281098761e-01 1.391458749332022515e+00 1.929207197350046588e-01 3.914938666224841990e-01 2.771156563929561556e-01 2.834449658329836641e+00
1.264439582349734081e+00 8.756143392801589709e-01 5.860558949937818563e-01 5.066415189718546097e-01 2.902895693290963863e-01 1.705119634997927514e-01 1.079022389792377301e-01 1.297847352657947040e-01 4.238948375566581328e-01 5.026864279411840108e-01
3.003137610134917757e-02 1.268448734398413880e+00 8.649542677133064128e-01 7.649769229245741986e-01 4.605503054510328709e-01 9.569298345657083482e-01 2.920913397355714425e-01 2.743465473549086542e-01 3.802389791395810459e-01 6.755824224171625980e-01
1.462761142218756971e+00 1.768172418962624448e+00 1.321513605655691981e+00 1.169587518983043806e+00 1.177768924949062379e+00 2.360086919079755763e+00 4.358014008878525192e-01 3.371160897495262265e-01 1.372651443358741119e+00 8.140184994846599853e-01
2.487638231602078864e+00 1.257099293516762195e+00 6.918625121401885680e-01 5.999061395908331651e-01 1.994235774346290846e+00 2.601606057932913885e+00 1.752316124055191882e+00 1.501688015090915762e+00 8.026298743255865231e-01 7.392612638831953520e-01
2.423302346616237113e+00 4.642592953351427076e-01 4.908929118779339906e-01 4.244668666255335676e-01 5.394211681718551477e-01 1.348344973121278212e+00 1.023776495339459691e+00 1.256817122087515060e+00 5.883655231010517239e-01 3.044126354729136397e-01
1.389376657526472103e+00 8.491907307848739483e-01 1.293619094373887224e+00 1.156579142722928388e+00 1.424689941924564440e+00 1.233196266078333964e-01 3.158863505436866337e-01 6.730727542162436017e-02 5.601691785649811628e-01 3.501013572359215065e-01
1.796552485488851769e-01 8.402976645749009599e-01 1.467291469777971091e+00 1.324057529823184476e+00 1.234413554335612062e+00 1.063443989009784874e+00 9.788549787135725211e-01 1.202990204267817775e+00 1.883572628324995391e-01 7.833656015428784869e-01
1.037112017091881500e+00 5.344187583309657485e-01 1.118398677367088201e+00 9.918453591091774824e-01 7.399182499259692181e-01 3.834082259272824089e-01 1.142616540501242506e+00 1.315187114871817275e+00 5.611193283249005237e-01 2.363290398822562033e-01
2.012178220583600741e+00 1.628427324259795972e+00 4.750390610723733142e-01 4.078274902673661440e-01 3.711529826232203289e-01 6.592650197623233232e-01 1.820128483793137519e-01 2.351125686297387829e-01 2.482974067767405035e-01 2.430297974632076752e+00
1.029107362146987059e+00 7.024015490837010045e-02 5.342467070701487630e-01 4.626980970639080759e-01 3.034930631802453815e-01 2.578282103361416722e-01 1.046740238676023838e-01 1.250539307913431375e-01 3.416850572325081381e-01 4.428760770240445233e-01
2.853800467962740173e-02 7.875210816587528972e-01 7.881734164516568386e-01 6.983759315222837216e-01 5.285196517329759924e-01 5.072642061375838285e-01 2.688434726780082884e-01 1.135223145278660001e-01 3.232578985005485350e-01 1.753951885917278408e-01
1.235016549384433837e+00 8.402031501518076873e-01 1.203674769156322322e+00 1.067314562825093516e+00 1.058265852156550446e+00 2.350648625310826745e+00 3.456158499646428961e-01 1.683841111525561651e-01 1.262449059663837803e+00 2.093821490552079945e-01
2.150959792566295103e+00 3.609870523418090005e-01 6.300200287488694206e-01 5.473349784948111640e-01 1.978205980414390552e+00 2.620125362313658446e+00 1.716563326521841848e+00 1.416821961052566747e+00 7.447240138169682888e-01 3.160697649292227851e-01
2.107969554324057970e+00 3.749812736539765989e-01 4.469871645476145572e-01 3.872466247868679434e-01 6.389997942746293846e-01 1.267695633843390235e+00 9.090210244994245681e-01 1.033727621284363574e+00 5.435168416811885228e-01 1.989769568416608347e-01
1.220975221687745416e+00 1.270225989251167142e+00 1.177420946340570929e+00 1.054742788721977576e+00 1.462252337366782173e+00 9.300701878739905254e-03 3.124284958025572712e-01 2.137173066894054556e-03 5.182429914288730899e-01 3.110199141138921819e-01
1.459591249571119964e-01 1.084654687023628661e+00 1.335010587113161007e+00 1.207051900029308511e+00 1.237276623908720730e+00 7.456466180274196054e-01 9.062814735994516591e-01 9.640687127771345732e-01 1.804152690867051323e-01 3.072737733727221032e-01
8.502800385248091564e-01 8.050248064515203028e-01 1.017134732364202376e+00 9.038441104336841780e-01 7.423898757757380062e-01 3.918088332069091240e-01 1.044672683123089696e+00 1.047973074898285395e+00 4.789349817896000894e-01 1.757148064468550819e-01
1.761355618319053296e+00 1.044734763668496935e+00 4.320293466668311266e-01 3.716425207323674207e-01 3.632123099311359571e-01 1.318726652598743776e+00 1.715666312251774850e-01 3.428222453264318514e-01 2.175626338624949696e-01 1.690153675177346271e+00
8.381680902641407416e-01 3.929418062630889996e-01 4.858241294792229326e-01 4.216027213264250117e-01 3.099636389565785799e-01 9.935974927946603641e-01 1.009269711362406896e-01 4.454668092939076396e-01 2.600359637096600340e-01 1.422317408138466625e-02
1.483857613804420439e-01 1.038471149121363624e+00 7.165097373279246673e-01 6.361669423128880618e-01 5.770216835381891674e-01 1.235288770637673839e+00 2.474931112829548696e-01 5.262891253081043441e-01 2.013057749758165593e-01 5.736952262744013931e-01
1.156585885058649010e+00 1.087135578434653471e+00 1.093787076901719724e+00 9.718743504819269408e-01 9.511462925663778378e-01 2.141775482916350448e+00 2.612846740381075117e-01 4.615441412952431266e-02 1.216592807393007902e+00 2.237788395804395092e-01
1.900562054743831997e+00 2.064668968961548057e+00 5.724120449393212962e-01 4.983205492250892821e-01 1.963240650983117730e+00 2.193085493323235546e+00 1.680959202459263890e+00 1.412632723500448328e+00 6.950061862988707873e-01 3.343123431151703073e+00
1.865617847176827437e+00 2.083659241957828701e-01 4.061150255543428678e-01 3.525639073193815309e-01 7.273786297182610605e-01 9.621750512634896779e-01 8.082924930588885060e-01 6.568026006367033709e-01 5.036302466921313004e-01 8.871112691976252781e-03
1.145673713284241169e+00 6.014834750021348375e-01 1.069340787516208646e+00 9.599291711555875128e-01 1.485203548664914219e+00 1.930712908272724238e-01 3.075204650203305912e-01 1.859143394843341401e-01 5.142759416954270080e-01 3.997224759939774774e-01
1.432671625383255543e-01 5.182627850804933933e-01 1.212027643438344793e+00 1.098173201845163316e+00 1.235391598521374368e+00 7.081372814186019937e-01 8.401738407743457593e-01 9.083437172908906954e-01 1.567293598079799732e-01 8.421532852362663135e-01
7.093879804127681821e-01 2.768078362276986670e-01 9.230974244858407562e-01 8.220427262685230385e-01 7.491140606391183399e-01 3.915614878445325964e-01 9.564590589409079913e-01 1.163985613616768111e+00 4.073322317869970677e-01 4.233182382895685492e-01
1.552982142293083401e+00 1.516411258733526113e+00 3.921070908354444828e-01 3.380192014728616856e-01 3.519512787013622246e-01 1.295795371379329985e+00 1.614259545272266616e-01 3.163154686692603024e-01 1.816809696462113044e-01 2.288073757982543643e+00
7.449063947959124743e-01 7.052765056345755568e-01 4.409091808877245722e-01 3.834393281661923059e-01 3.121948402398995737e-01 1.064166322434211054e+00 9.668891556130926324e-02 4.150804430928460298e-01 2.226941825008226239e-01 4.584553362774497209e-01
1.319954344887122599e-01 9.180319529585307947e-01 6.501094988075517556e-01 5.784518752952194642e-01 6.096008089852921197e-01 1.092439264148460154e+00 2.276459368034093600e-01 3.613244573223525213e-01 1.629202725300851473e-01 4.840758499843607621e-01
1.093752226965754026e+00 1.340186237833681071e+00 9.920625748749603012e-01 8.834070973015418771e-01 8.551004000044943876e-01 2.129000520015232212e+00 1.817762617723929774e-01 8.903187343192323078e-02 1.171406509117317141e+00 6.598336224311674991e-01
1.687901384217136869e+00 2.821007471073191386e+00 5.191248343502692375e-01 4.529171511665882610e-01 1.949325734860959614e+00 2.500635279133723632e+00 1.644266331784670410e+00 1.441764050424038102e+00 6.428442784541095190e-01 2.947541624577675545e+00
1.667611806499491145e+00 4.186024387391196755e-01 3.683237355649071065e-01 3.204475044012445317e-01 3.841155977708504143e-01 1.591112538491242567e+00 1.192860330512899303e+00 1.301291533051371019e+00 9.195132793348914646e-02 1.253835980050409526e+00
1.567738774957431858e+00 1.082420913350486957e+00 1.086127698222781435e+00 9.675948201017527950e-01 5.594668570708527522e-01 3.190507239624411628e-01 5.456836265927867968e-01 5.188367970083348490e-01 3.263312942233106972e-01 3.681003305410053827e-01
1.012854560000285217e-02 1.114951725277454786e+00 1.040077821285890991e+00 9.068885512830933138e-01 1.102008695632207269e+00 1.076115203926740344e-01 2.883890953147911218e-01 1.283325320876239628e-01 2.583474174436120943e-02 5.545716188818186065e-01
1.658846127625673406e+00 1.154511811196275106e+00 1.137057564808985566e+00 1.001731314598530043e+00 6.653744596584511006e-01 6.807812459470696624e-03 1.552424646252483109e+00 1.800952131800867884e+00 2.553762876235829427e-01 9.005877833864003312e-01
1.404695672990961874e+00 5.605586161080063912e-01 3.706724365186074843e-01 3.199477357194531746e-01 9.747996927536926870e-02 8.865445615060784101e-01 1.845742410042858217e-01 3.380653191223222387e-01 1.391095377917950515e-01 3.718298439126104249e-01
6.083603638068032504e-01 7.410334146530379584e-01 4.007119627822065544e-01 3.491326661172925450e-01 1.265567237911265353e-01 1.501073885135479458e+00 9.300995901140987621e-02 4.220468920252891665e-01 1.565900940363246230e-01 5.641101037295398468e-01
1.725163768254159291e-01 8.423261596747170232e-01 5.896555037522979159e-01 5.256724500965819225e-01 6.132604182958399930e-01 5.867037133505821345e-01 2.075138862613410684e-01 1.480407945375371570e-01 9.545639880857763326e-02 4.792670161975121079e-01
1.056454032820087985e+00 8.195128134709488421e-01 8.994596911336952827e-01 8.025162025400115473e-01 7.753281402095213437e-01 4.068745045065796262e+00 2.234034596767991765e+00 1.802962428155354235e+00 6.108694863404350722e-02 4.204574797643649831e-01
1.473153273008911635e+00 1.779049102520677161e+00 3.554078891864306255e-01 3.105949792927941711e-01 7.580566711152393333e-01 3.899049587674732753e-01 8.416044235872776058e-01 7.878423299111158018e-01 4.442291069142420001e-01 2.641797106707127973e+00
9.626394473926855877e-01 1.384157368613059824e-01 9.760119312651572843e-01 8.795407473023937328e-01 1.460109298816740120e+00 2.552080481287467006e-01 2.922490168648528286e-01 9.163639185323564640e-02 4.538304427073073799e-01 8.600847244758073051e-01
7.094311249894993954e-02 4.389595433032636440e-01 1.106670459948984275e+00 1.006534675384438859e+00 1.308184802087290155e+00 6.769383409818530151e-01 7.722529782994399516e-01 9.151980977213050039e-01 1.832629521238654247e-01 7.560839557673202371e-01
7.261863569943404206e-01 9.379513339629572677e-01 8.426651536227550698e-01 7.532798743235080696e-01 7.204979172269345700e-01 3.745963310934921076e-01 9.028473854507005347e-01 8.527157766734094757e-01 4.463336106564447237e-01 4.483615876827610203e-01
1.262121773595013430e+00 1.461324011877962681e+00 3.263868440863488818e-01 2.825519448298022263e-01 3.882780095702847989e-01 1.250384833651090766e+00 1.438230562865846773e-01 2.692781467599001943e-01 1.596420973199236815e-01 2.089322658763365315e+00
6.021765381461317013e-01 2.587530670191783844e-01 3.624645454934306565e-01 3.164145793714392418e-01 3.760213925927389789e-01 6.364941039704659076e-01 8.448794324947832279e-02 6.823352968801602025e-02 1.790295625708503424e-01 2.118222802574457747e-02
1.318435656526021627e-01 3.266287344852661922e-01 5.339438562869561755e-01 4.768984284378865457e-01 5.790849923366298002e-01 1.307978192077679402e+00 4.236641508948914281e-02 1.220776665704750713e-01 1.013309314537998163e-01 1.386649437337065527e-01
8.788776385358769705e-01 1.088721759084128715e+00 8.142738642486681000e-01 7.278912822579565178e-01 7.761217337780880188e-01 3.597586366601356556e+00 2.104665812914267686e+00 1.702422956891515682e+00 1.014281860642540917e-01 3.178956819954078389e-02
1.328847378516889721e+00 1.828309387244825057e+00 3.217590359649902254e-01 2.817178233645956653e-01 7.620202953165285953e-01 7.766282430211829402e-02 7.448359370527349865e-01 7.671188538543236568e-01 3.988533217341218573e-01 2.631800071870482149e+00
7.963206813854279975e-01 3.961846316176581007e-01 8.833456516126287905e-01 7.975509077308979844e-01 1.411579776269160869e+00 3.604920483223460204e-02 2.811085351488279427e-01 5.849735825418477253e-01 3.613276740779476914e-01 4.333710279870987558e-01
1.448882433160750619e-02 7.845436932700128319e-01 1.001309225011748794e+00 9.124629127786715310e-01 1.475284730835773717e+00 9.836599557166374186e-02 8.148128715814510759e-02 3.369625308537942121e-02 4.822248229828653976e-01 1.288485794747597835e+00
1.484752133255961004e+00 6.105113093285584602e-01 1.038675530898694577e+00 9.202266311389813991e-01 5.771888389086742288e-01 3.059395942897320895e-03 1.408659065143255562e+00 1.705991311016455292e+00 2.898087722177141168e-01 1.544079232561426762e+00
1.156908075286505966e+00 1.110270402370334475e+00 3.092895586094719373e-01 2.681290048324824205e-01 4.853516574053924615e-02 8.441019811185467292e-01 1.603562097464126812e-01 2.822888566219147743e-01 1.290847894414929586e-01 1.721524662657665461e+00
4.904314620517522538e-01 4.312760086010121174e-01 3.288660355017276604e-01 2.875871679045276519e-01 4.187192093678118177e-01 7.883859212514545689e-01 7.789867871468704463e-02 3.063564804231830307e-01 1.295203522458451828e-01 8.881577704129662854e-01
2.066409363230953533e-01 6.323659926244072638e-02 4.834017172101950366e-01 4.325289258216064581e-01 3.499791954895493662e-01 1.176508477947335152e+00 9.861223980960448499e-02 1.301020822910134156e-01 3.517428825890961397e-02 4.431916795573666579e-01
9.558557627974432203e-01 8.400321467142372878e-02 7.369545685570831894e-01 6.599713174027225238e-01 1.916228330800184176e+00 3.824695016951023874e+00 1.972612227552349218e+00 1.667395871243156913e+00 1.668774332457322387e-02 1.128491317002984884e+00
1.195158286213400922e+00 6.114627592488015573e-01 2.912177109368807582e-01 2.554358355382859713e-01 3.924170613522817153e-01 1.343299017845261289e+00 1.240169298596550007e+00 1.650761644372446435e+00 1.475508784445132664e-02 1.806190750006123835e+00
1.391616069645154496e+00 1.876836256563342575e-01 9.936078762064813885e-01 8.899594554383677414e-01 2.604636693258907676e-01 4.846514920555499151e-01 8.207672725272836534e-01 8.200267517009514062e-01 6.841639523890455932e-01 1.952942753357518324e+00
6.361645651016729908e-02 4.077203262742719603e-01 9.159820392181221571e-01 8.356541126648131534e-01 1.248570970008437309e+00 4.204423803782619262e-01 5.939429006398355693e-01 4.760749913553739554e-01 1.147811372036281752e-01 4.222404951942911322e-01
7.414550891288483880e-01 3.402979695661231263e-01 7.620321197055145435e-01 6.836160235352463088e-01 7.982260474777601589e-01 3.707154828852188833e-01 8.154677778308214720e-01 8.231245258844710477e-01 4.916123182548322035e-01 5.709673225068098157e-01
1.037994159692539720e+00 1.201422577942490300e+00 2.708601001653458962e-01 2.354377606421129698e-01 3.259309046111496522e-01 1.196941846592755265e+00 1.213654438731439356e-01 2.275679569629666388e-01 1.445430722548516622e-01 1.235509071140277193e+00
5.499090189817683605e-01 7.470862327726320896e-03 2.969798044566598350e-01 2.601945410838273909e-01 3.742518547625617309e-01 9.147118259906722448e-01 6.788894941994402799e-02 1.659420229857240248e-01 1.909316668695219821e-01 3.063170343514090566e-01
3.162661339472540994e-02 3.679843366666493143e-01 4.371148075924312093e-01 3.918359759949128773e-01 5.264686388504878911e-01 1.447763254855313431e+00 2.234416933570561037e-01 1.437045385656713359e-01 1.352609867823807155e-01 2.151119127753288451e-02
6.428225431545707691e-01 3.830488511862145118e-01 6.662757297046597582e-01 5.977883590970137773e-01 7.776117029716222984e-01 1.163611309765293367e+00 4.992554971282065490e-01 1.406615659031072163e-01 1.100004439101342379e+00 7.270068116795022073e-01
1.507091333589090976e+00 3.221997911250163993e-01 4.660743161068438556e-01 4.094320455175838869e-01 1.977443727180331789e+00 2.306713888335935714e+00 1.553480532299404082e+00 1.386946004884746175e+00 7.079149909007389496e-01 8.656878483062173668e-01
1.112410981315867353e+00 5.712222921362937189e-01 2.533743765474495979e-01 2.220711052995145984e-01 8.953937120905478553e-01 3.584959425827253243e-01 7.305705670363134008e-01 7.580506907298101282e-01 3.589748348742816675e-01 4.913896974740583623e-01
7.697578423001111281e-01 4.742984160814505135e-01 8.012726194234469634e-01 7.262722176072435865e-01 1.425372063934646327e+00 2.433685705741388816e-01 4.191777409450064273e-01 4.559857900400542396e-01 3.533688993258216615e-01 2.663638261081060499e-01
7.606137697777980156e-02 6.816872430911656844e-01 8.229597021352995645e-01 7.528395651608557060e-01 1.298381832330838037e+00 4.405007720291593404e-02 5.346240498893549686e-01 6.512236255564871068e-02 8.772664133580154733e-02 5.897386667396659760e-02
6.284489516680039634e-01 5.230253402114994898e-01 6.883026523860634738e-01 6.188303330651913070e-01 8.034520439161462191e-01 3.943781011501955591e-01 7.447290607247336602e-01 8.004635489070790477e-01 4.125561295305055776e-01 2.378462711036952448e-01
9.398137416633963737e-01 1.135739411688910128e+00 2.447563542136928783e-01 2.132030595698921061e-01 3.192058196771656586e-01 1.202281067756820088e+00 1.132491149329562796e-01 2.150139165769094363e-01 1.205507973778452840e-01 1.644713174622007390e+00
4.452408531903977451e-01 5.768624804525347427e-01 2.683889361043356181e-01 2.356422794573301283e-01 3.701479513923182085e-01 1.070390230369683948e+00 6.421552394649111817e-02 2.954620666121707817e-01 1.233604486798358102e-01 4.272868677303917062e-01
1.178057809280170926e-01 6.553917644978214385e-01 3.950148710396874097e-01 3.548428511736673729e-01 5.479850437278659392e-01 1.352050021136675495e+00 1.867316086282889420e-01 1.791236877350633749e-01 4.319990708445004685e-02 3.778153314037494548e-01
7.068472549487837542e-01 9.510429434916073399e-01 6.020026697808011917e-01 5.412658898512011652e-01 6.996218381038409317e-01 3.233043966295094052e+00 1.930896588996795726e+00 1.584546642591573296e+00 2.068557096971479770e-01 1.107176137648919062e-01
9.787422726796577432e-01 1.485313048834307148e+00 2.379293352627107061e-01 2.095161485033855686e-01 8.354485282664848578e-01 2.802467643657710616e-01 6.723941599232768906e-01 5.347800378580047642e-01 2.819328786090163352e-01 2.053709964095785878e+00
6.661360360775125944e-01 4.202965705053768319e-01 7.241277939559311871e-01 6.576008182223149756e-01 1.382266352569144541e+00 9.315660595207050365e-01 3.900229533933997073e-01 3.159561334179279007e-02 2.922181063388077371e-01 2.792380717127918577e-01
1.953806469029495396e-02 6.084399797660614562e-01 7.431266652743255818e-01 6.811005435854159407e-01 1.298340452700785574e+00 5.546551605576687249e-01 4.911233617039110211e-01 6.574339363833369143e-01 1.449421306742249560e-01 3.664821087743840022e-02
6.522265875110553335e-01 4.668853622676569781e-01 6.214058404590487861e-01 5.597545105116116249e-01 8.141363444907148139e-01 3.596486666995630244e-01 6.738563511839955611e-01 1.184648956287342347e+00 4.370709710070873610e-01 2.407960965969696276e-01
8.376694542368066099e-01 4.388572637215968353e-01 2.209876822521044393e-01 1.928621460748144167e-01 3.143996682547318122e-01 1.196683993440177174e+00 1.013251228258870706e-01 2.253595286423257238e-01 1.008272633986246475e-01 7.675772569294013747e-01
4.043860028167944320e-01 2.557879819727410520e-01 2.423366094581831387e-01 2.131665944165505033e-01 3.686180332999882125e-01 6.070340437417901525e-01 5.612117301313847978e-02 2.219547838794047601e-01 1.139265919157922136e-01 4.447647885666283774e-02
4.173897715196889929e-02 1.857320419626408425e-01 3.566548012532811951e-01 3.209811338648064227e-01 4.972026795759900142e-01 1.217433525006808459e+00 2.973356915573764914e-01 5.674178485768195390e-01 8.552013162925573009e-02 1.849330209367339994e-01
5.307811313230312855e-01 4.427939546348655386e-01 5.434610180220039721e-01 4.895464534346544161e-01 6.992984534043983347e-01 1.101169709777513717e+00 4.729380250676407660e-01 2.260180832876449719e-01 1.015574499127181340e+00 1.104702489817673827e+00
1.370973428411420558e+00 1.467772089238545519e+00 4.194162901985410419e-01 3.698475112329905889e-01 1.974323399648779453e+00 2.141538508840631128e+00 1.481739208403977770e+00 1.316583044563178095e+00 7.018493928399273107e-01 4.459399352479529455e-01
9.267951013002631022e-01 7.310038469843781472e-01 2.086830065670584600e-01 1.836183274535135579e-01 9.636001494566925896e-01 2.465615671761333672e-01 5.828952218929072115e-01 6.660655201851949370e-01 3.042512511877125125e-01 7.130833451891597230e-01
5.858947759680973588e-01 4.877265452191038575e-01 6.535813053162725650e-01 5.947363438949238024e-01 1.840558530435525642e+00 9.943921867794968117e-01 3.580564872683914546e-01 5.850339933141288640e-01 9.102606802256676954e-02 1.448915088070522383e+00
7.450803730828840787e-02 5.747323799138572831e-01 9.464254935663976021e-01 8.346242493370948923e-01 1.287490908587984206e+00 1.379902153543464682e-01 3.908781316975262210e-01 4.220335407117634663e-01 4.170498808600005269e-02 3.386959843861523378e-01
1.432242178108670938e+00 5.528618464646909425e-01 9.519761244413679213e-01 8.482546887216508846e-01 3.785886472901940358e-01 9.237803671014682347e-03 1.367015689896815989e+00 1.516262828990086353e+00 1.988408373534120976e-01 1.636586805965676961e+00
7.895672823936414897e-01 2.257658564792382361e+00 2.193463907258172696e-01 1.917782350980504757e-01 9.919559965871063700e-02 8.221284021868785485e-01 1.315396089650460454e-01 2.136473876506589653e-01 6.531627415689907068e-02 2.495672057974466451e+00
3.129411039839202213e-01 2.676373429203942056e-01 2.201517518405091134e-01 1.939798856138248706e-01 3.853422234294502369e-01 3.956396477334332973e-01 5.427261686553604136e-02 9.696115585255302149e-02 5.227904379820017683e-02 9.960957905672017387e-02
2.382265687478179184e-01 2.693456220875664608e-01 3.226098829786933075e-01 2.908380285246970343e-01 3.137714830703144941e-01 9.163828615376665709e-01 2.579418291471867741e-01 5.209018420698731111e-01 7.763207629510109065e-02 1.234735137339853378e-02
8.532643228562268867e-01 5.069474725343643406e-01 4.914498339647274672e-01 4.434575064333229899e-01 1.910460094258691344e+00 3.723032106681388509e+00 1.887974121386519322e+00 1.557282476175067654e+00 1.642464942839608755e-01 4.055941281458942393e-01
8.200562302241426460e-01 4.254036864816680419e-01 1.942657974770486962e-01 1.138749369635753128e+00 3.910198064126995665e-01 5.562079130767458857e-01 1.317751265627182367e+00 9.997156838599908779e-01 7.252872014135527956e-02 1.480841988273084109e+00
1.202951409264970017e+00 8.607145848999868676e-01 9.053269201149374279e-01 1.834902670741471065e+00 5.648430824674499640e-01 4.457482756532926138e-01 4.319300055649525905e-01 6.509101345509447079e-01 1.826871018053744244e-01 4.593343523493593206e-01
1.660388489039720250e-01 9.407362424121094024e-01 8.716805935930369564e-01 8.222041345276914770e-01 1.317801278058392977e+00 2.967891682489828820e-01 4.016885925206736263e-01 5.562599871034520360e-01 1.189742116282490741e-01 1.485363001624182000e-01
1.463886052621011569e+00 8.223424455983640025e-01 8.615823544735405903e-01 7.727903176419311793e-01 3.558044776239238094e-01 1.752223829192868856e-02 1.231325853280064386e+00 1.396682663901527510e+00 3.082545013530043621e-01 1.025511830516869116e+00
7.221857936266991018e-01 2.134093772037194692e-01 1.983876626623410078e-01 1.741422336029831708e-01 9.645617382540591644e-02 8.108006799750593352e-01 1.165457638312869110e-01 1.870705949340697449e-01 6.816177075443444200e-02 4.816437172937420019e-01
2.832977611529576834e-01 1.682238013378943020e-01 1.990838558870668684e-01 1.759788612132348606e-01 3.508738322047865177e-01 4.569445881097319306e-01 4.612932599683961660e-02 3.172776359840672605e-02 5.026013450805184857e-02 4.058502709275397247e-01
2.152986920326815934e-01 1.734912394556953619e-01 2.917225186334734821e-01 2.638134426346188111e-01 2.831617089139095711e-01 1.344489127820422292e+00 3.782476686611991878e-01 4.409967455368321576e-01 6.759965277564305985e-02 5.164381789942467105e-01
7.713570501478433927e-01 1.407886449289109942e-01 4.443438995371988276e-01 4.021912624877412301e-01 1.916574519963367917e+00 3.617615268735423495e+00 1.732607489708057447e+00 1.490067402076615366e+00 1.540735481948233565e-01 7.469778443995006567e-01
7.414347594132346675e-01 2.739448856165628943e+00 1.756541031804734199e-01 5.850941164260013705e-02 3.920668036539163293e-01 9.728053898213978590e-01 1.173368631308562282e+00 1.384306304741489413e+00 6.354913843432993814e-02 4.042112752411076926e+00
1.165245093329396520e+00 2.980461721380140983e-01 8.184380083824833729e-01 6.381955111442279005e-01 5.663768998578645464e-01 2.821348450760288173e-01 4.032460366916036376e-01 7.460606761173030343e-02 2.132224904042040459e-01 1.647777988202016319e-01
1.351720878001718418e-01 2.841040683990756280e-02 7.878729717425161372e-01 6.923134240526680472e-01 1.403978556784249543e+00 1.489188632765160447e-01 3.731273723167188305e-01 1.006890693152923677e-01 1.030611139610524279e-01 8.407615380698164609e-01
1.455806547369501214e+00 2.501634455983668334e-03 7.786009455076235986e-01 6.960990948161405178e-01 3.374734795726471170e-01 4.467242487039931563e-03 1.109444890963960706e+00 1.253079686165708306e+00 3.784103105964580216e-01 1.757320129496213301e+00
6.599640571367013653e-01 1.655404726154736661e+00 1.792918634040311376e-01 1.573190043357227397e-01 9.344426269478936509e-02 7.944290933119103615e-01 1.020560757270515539e-01 1.624921068377413458e-01 6.926279788710597296e-02 1.734910291178906050e+00
2.566332140620632418e-01 6.366437362178981596e-01 1.799277771784893454e-01 1.591068493528786099e-01 3.192702916116076928e-01 6.347320980999830997e-01 3.765352433260292508e-02 1.509454261328421476e-01 4.835196855053591758e-02 5.778920901298398860e-01
1.282069417762003449e-01 5.799104074483845128e-01 2.636467314745367663e-01 2.385250514818306744e-01 2.553774296870140459e-01 1.815462661899065244e+00 4.910638041485639871e-01 3.050773831839458383e-01 1.150082040259344310e-02 4.333266132194514286e-01
6.723688364396026573e-01 7.623570696432729887e-01 4.015410935910443402e-01 3.636084579138931794e-01 1.921448694012021674e+00 2.705297666007202562e+00 1.590117706886584603e+00 1.311339260351094493e+00 1.618499855683254440e-01 1.346759466096755786e-01
6.696219565918521965e-01 1.258288186541206832e-01 1.587427745550791802e-01 5.290294861583687280e-02 3.929044471999934562e-01 7.125814907922131125e-01 1.047586857144302552e+00 1.044432351473662424e+00 6.061257560685762158e-02 8.677172448912380265e-01
9.549160859254381961e-01 2.468433362517527818e-01 7.395117470938977755e-01 5.769554298296516448e-01 5.675982631496013786e-01 9.731888215050987778e-02 3.759183132337947653e-01 9.954381572203309381e-02 1.178708580719375482e-01 7.563631733494714515e-01
2.835393563456817256e-01 2.992723520307359886e-01 7.117724095994900635e-01 6.257845161328472461e-01 8.175296498412450985e-01 2.943916600173182574e-01 3.458781161999631149e-01 5.319489462928885803e-01 2.142955361210340526e-01 1.128626553442700020e+00
1.525341187704747359e+00 3.129437694227628630e-01 7.032771833837289099e-01 6.291109498944605916e-01 9.577744792969199450e-01 1.552989191830064959e-02 1.000433599010983166e+00 1.390947479964338207e+00 4.977560785207923999e-01 1.915205687558614978e+00
6.077836769687655627e-01 2.174132390596096087e+00 1.619577571989255782e-01 1.421882459398999543e-01 1.221039007464793241e-01 7.915756576537396061e-01 8.802316150680333795e-02 1.570578822964443788e-01 7.472224023038422092e-02 2.328839879982795846e+00
1.660529367220306973e-01 1.094932679905397284e-02 1.625394494937395795e-01 1.438098541515622775e-01 2.923566610018435430e-01 6.085099267309400650e-01 2.888493030836446901e-02 1.299096109352001760e-01 1.372981574594422504e-03 1.283788597885451022e-01
2.420755556102729689e-01 2.027471854571925580e-01 2.381657538604419755e-01 2.155907905869832442e-01 2.306044220636068454e-01 1.863991967917144166e+00 5.863667743597288373e-01 5.062154350780865286e-01 9.489830925038877929e-02 4.500261822080366958e-01
6.930799144388904987e-01 4.830696824460246203e-02 3.627055517836505483e-01 3.286254980396681735e-01 1.928431424543522121e+00 2.984726358832137993e+00 1.457336773889164938e+00 1.236970601001905035e+00 9.237608293875441967e-02 7.309355693977335200e-01
6.103426920016837842e-01 1.569247126963573935e+00 1.433985672273304368e-01 4.781855396396029328e-02 3.942023469976831951e-01 6.921865317303472764e-01 9.372510255702310999e-01 1.024910732450140749e+00 5.686547795577470699e-02 2.397156743990706662e+00
7.864932441855847500e-01 9.480316069514120869e-01 6.679225725681008363e-01 5.214359610106625853e-01 5.694772441978519506e-01 3.225407605408932010e-01 3.497339438573814352e-01 1.379330164220514410e-01 4.443485514389530766e-02 6.515976366494187211e-01
3.840188902582231667e-01 7.881059821439622137e-01 6.427701004483739045e-01 5.654894566721719862e-01 1.311538285163744710e+00 4.057463306244866175e-01 4.110281485033828175e-01 7.286356128894617701e-01 8.660442913964316869e-01 3.238522404622229400e-01
1.209353051491720704e-01 1.323084932813604508e+00 1.464819772888568683e-01 1.281975242192880948e-01 5.411308508715234611e-01 2.027238976710125928e-02 8.156213397327555237e-01 2.264513638093327508e+00 1.926809131235741823e+00 2.462205747525092747e-01
